0.016559425475678798
0.0007367956333345312
9.401053586991022e-05
7.465252475357533e-05
8.802318899347965e-06
1.2246781776392038e-05
8.608435379767429e-07
3.7416816007047906e-06
6.572501657860432e-07
9.827486601117181e-08
2.700499404023285e-07
4.1826298709786176e-07
1.4783498444831968e-07
1.4554374259772922e-07
3.6520837087908582e-09
4.0334622624769353e-08
3.4647629121638216e-09
1.6237070147107455e-08
6.004090091837195e-09
4.720104559021219e-09
3.381707031771624e-09
3.279066927789651e-09
4.842225018566915e-10
2.673527366370425e-09
4.87116806366681e-10
7.12269346141917e-10
6.307659186881415e-10
8.211240729910125e-10
2.915934663096707e-10
8.977926889424131e-10
1.027722327624204e-10
2.900746970928237e-10
1.765475258432603e-10
4.017319390552553e-11
8.201385257914315e-11
5.944403098830852e-10
2.1248167605572512e-11
6.291832408892589e-12
4.0769220579138693e-11
4.0398319277406356e-11
2.7719318609833972e-11
