283.0181873218167
12.585728184781129
1.671121989176486
0.41903226095004326
0.20585373719884353
0.0684031060378643
0.053375736722513
0.03173597367390822
0.023157668579131624
0.011778105523143139
0.008168819257317042
0.006082663501130359
0.005020065205953388
0.002768370106954055
0.0018123822259195567
0.0010807165955073604
0.0008143208842383802
0.0006298135877277106
0.0005466201424695606
0.00045612090971639506
0.00040612803787914135
0.0003422258112607584
0.0002355480062378268
0.00021595365751425537
0.000154469896482724
0.00012698877700029323
0.00010303192546622312
8.846724710513912e-05
7.298370343267122e-05
5.7529198621139634e-05
4.78358098410938e-05
3.833877676230669e-05
2.976257949859493e-05
2.5172643802147168e-05
2.3471796546501592e-05
1.7687549008647804e-05
1.4558432364081719e-05
1.2955249331177285e-05
1.1680531843042805e-05
1.0426883270571472e-05
9.488270281598119e-06
