0.23281865292479714
0.21267963770345175
0.12286729788293362
0.0712978320536798
0.027124327226962
0.011555548350134462
0.005196623513239735
0.007429070599293478
0.0019045157853614242
0.000545638276724709
0.001034384839820233
0.0008156870284526828
0.0004893521367706944
0.00019133359193667586
3.3662087400817504e-05
5.689656552075169e-05
3.9142433473450865e-05
9.466452019757635e-05
4.8819478490800646e-05
1.825284389900838e-05
2.4517664094028676e-05
1.3384578459138033e-05
8.033780608819476e-06
1.1299265995371081e-05
4.394224137080799e-06
3.569644715901033e-06
1.2523555750740959e-06
4.737326523528673e-06
3.6630700983631864e-06
3.0383462476328326e-06
5.587243944524544e-07
1.6929729892610095e-06
6.755597668468893e-07
4.156351894869154e-07
4.1504961902282076e-07
9.380514688922128e-07
2.214194624323696e-07
1.5039408583043653e-07
1.7402937592150722e-07
2.2393858704506638e-07
1.7966322291224297e-07
