2.218422777251934e-18
2.9836558671716e-14
5.774371760917534e-13
2.1471369399429373e-12
7.1949003664472665e-12
1.859198145880473e-11
4.2013892829843594e-11
8.081485731817545e-11
1.3931491506665107e-10
2.1770939604796087e-10
3.1750673592019155e-10
4.370683252707807e-10
5.76944362196974e-10
7.354760377833767e-10
9.131306817306161e-10
1.1085305665765997e-09
1.3219394327945048e-09
1.5519900389937039e-09
1.7985298202939142e-09
2.0600318987965243e-09
2.3359208157743225e-09
2.624539796821827e-09
2.925035958347217e-09
3.235755950615426e-09
3.5557536971447746e-09
3.8835215059398615e-09
4.21816996569022e-09
4.558442157945548e-09
4.90358915936299e-09
5.252673756765246e-09
5.605134941772055e-09
5.9603224717784466e-09
6.317904701521887e-09
6.67755158752889e-09
7.038998993511496e-09
7.4023556768042e-09
7.767319530565393e-09
8.134463406771094e-09
8.503309523622503e-09
8.874986051765142e-09
9.24865119788691e-09
9.626091187473502e-09
1.000592603003104e-08
1.0390639988092508e-08
1.0777604324624171e-08
1.1172004033215916e-08
1.156393388719275e-08
1.19745355282048e-08
1.2363812057306827e-08
1.2777783350798034e-08
1.3225586821089226e-08
1.3658783535272997e-08
1.4037313310339385e-08
1.4392342032765528e-08
1.476951866589903e-08
1.5178784976469105e-08
1.5599012764332968e-08
1.601700279117025e-08
1.6403408295209576e-08
1.6744079170576778e-08
1.701470813331422e-08
1.7195940147836778e-08
1.7273767904434082e-08
1.7262251373349005e-08
1.7159964993929525e-08
1.6947189046766843e-08
1.6656639832580347e-08
1.6327544099162543e-08
1.59042542423128e-08
1.5375293977066455e-08
1.4823933913414924e-08
1.4273144477593204e-08
1.3702698623841021e-08
1.310390998515971e-08
1.2472341937526783e-08
1.179777162711743e-08
1.1115116550111314e-08
1.0504016191872227e-08
9.918987086075272e-09
9.277400521454269e-09
8.652275060429612e-09
8.100033313525732e-09
7.565369071693652e-09
7.022668480067064e-09
6.487194618914083e-09
5.976801397482696e-09
5.5053732585868645e-09
5.0817821101948104e-09
4.687571667159737e-09
4.278822815007725e-09
3.889634509864833e-09
3.5814606213325582e-09
3.3001146556546215e-09
2.998369799199948e-09
2.7273570016457725e-09
2.5133717004766927e-09
2.344373857834697e-09
2.1980243819125473e-09
2.0506023258624386e-09
1.9209740913912777e-09
1.8290310305624622e-09
1.7680180926430261e-09
1.7304087224911157e-09
1.7047876875455846e-09
1.6901433696806684e-09
1.6867369661380367e-09
1.7132448401587978e-09
1.7786106290837654e-09
1.8633127522252282e-09
1.9710344817703974e-09
2.144931903212807e-09
2.3911677919568107e-09
2.7052968257008817e-09
3.115068803257912e-09
3.66150924700033e-09
4.399500725382622e-09
5.381925274778733e-09
6.646348627567773e-09
8.272581523976888e-09
1.0384213290676757e-08
1.3149255856491221e-08
1.6784447365762886e-08
2.150770414337483e-08
2.776859608929809e-08
3.6266738004994827e-08
4.7538172698553644e-08
6.213783934351707e-08
8.093542139974555e-08
1.0525001137248563e-07
1.3703056686565753e-07
1.7894797622378967e-07
2.3435062723736577e-07
3.066241624296695e-07
3.995394048697692e-07
5.18633193829675e-07
6.712117790932453e-07
8.665488222079564e-07
1.1160972890717873e-06
1.4337912166189374e-06
1.8379769723056304e-06
2.3515437369133934e-06
3.0001537746374206e-06
3.8104682285743202e-06
4.8046711647929295e-06
6.01781058202283e-06
7.505736155990139e-06
9.269201638504388e-06
1.1246581264235002e-05
1.3441284882900446e-05
1.5869907610858628e-05
1.8440342902209356e-05
2.0998554740062268e-05
2.3325530539207985e-05
2.5202407688132792e-05
2.6465338854871976e-05
2.6961023204153966e-05
2.6599801338242162e-05
2.533568282105248e-05
2.3297509999730487e-05
2.0826145954418934e-05
1.824296806768008e-05
1.5653635601564142e-05
1.3375576671320874e-05
1.1883666942399841e-05
1.2150162788195198e-05
1.6579671400413322e-05
3.4579667315858234e-05
8.58251565062955e-05
0.00015326764779270685
0.0001681761081021749
0.0001300384328990616
8.532997995979587e-05
5.373857842184559e-05
3.402579692160681e-05
2.1941170810804447e-05
1.4356595133138802e-05
9.566674187070496e-06
6.569785735414117e-06
4.694201609882852e-06
3.4790593692093723e-06
2.6755297731909246e-06
2.1329222970775864e-06
1.755410724994655e-06
1.4832616701548433e-06
1.2804895222335896e-06
1.1229860058582934e-06
9.952084135838765e-07
8.857328559726341e-07
7.860514120019174e-07
7.006702735767484e-07
6.358287542056377e-07
5.790667056382189e-07
5.232626488770497e-07
4.783794123313572e-07
4.4697990760878834e-07
4.206769405620171e-07
3.961814657365364e-07
3.736393720640284e-07
3.525111383832769e-07
3.328752488376882e-07
3.144034152391426e-07
2.9668477069747147e-07
2.817386340080967e-07
2.6916295808276543e-07
2.557432106342e-07
2.426791708216794e-07
2.3312431993583263e-07
2.2452469419602837e-07
2.1418881834607557e-07
2.051729763326738e-07
1.9913237439569707e-07
1.931873532043251e-07
1.8644992143246507e-07
1.8067750754728623e-07
1.757638554711182e-07
1.7065474872181382e-07
1.659332363308682e-07
1.623703797750498e-07
1.597184563057746e-07
1.5782733739003501e-07
1.5676045646099596e-07
1.5636365824122078e-07
1.5651422399810107e-07
1.569390651874381e-07
1.5721056325821865e-07
1.5729935301351046e-07
1.5736481327657943e-07
1.5771916872334743e-07
1.584721621325078e-07
1.5941386162685552e-07
1.605170611315474e-07
1.6195124695619444e-07
1.637044543817411e-07
1.658508383152615e-07
1.6872358380986476e-07
1.7264981750009492e-07
1.7754062298248817e-07
1.823037542346452e-07
1.846431765808616e-07
1.8395310192819737e-07
1.8068666499343527e-07
1.758660176828751e-07
1.7041938971889327e-07
1.6482749026516112e-07
1.5932048737380701e-07
1.5409606934791748e-07
1.493506435259082e-07
1.4501326779629792e-07
1.4133211427612753e-07
1.3797268892558146e-07
1.3526335493171956e-07
1.3242516151656233e-07
1.299686539428532e-07
1.2761772802445389e-07
1.2533485670363642e-07
1.2295612766060586e-07
1.2052932145312507e-07
1.1797022818536106e-07
1.1539282499399622e-07
1.1272198857925163e-07
1.1010339927554271e-07
1.0743074678325892e-07
1.0487089242548239e-07
1.022707943962851e-07
9.982617678771475e-08
9.733092375816347e-08
9.502434313454379e-08
9.263979716121804e-08
9.047700053968184e-08
8.819655698106832e-08
8.617730286162894e-08
8.398933420342046e-08
8.211264544318512e-08
8.000334720089752e-08
7.826950786501809e-08
7.622360352575957e-08
7.463478282646357e-08
7.263557289054213e-08
7.119588165412529e-08
6.922535339637388e-08
6.794047738101723e-08
6.597978590598563e-08
6.485618277491518e-08
6.288637495040831e-08
6.193050315476977e-08
5.993233596218322e-08
5.915166530782155e-08
5.710178682210142e-08
5.651007092290733e-08
5.4372087910116166e-08
5.3993734642305674e-08
5.1720261025642615e-08
5.1550339621187825e-08
4.917181907858475e-08
4.8955261209474065e-08
4.6908254194166084e-08
4.55750296771944e-08
4.505810042460843e-08
4.051917687544794e-08
3.989269298007484e-08
