0.43743686189079406
0.42821858526284745
0.40954439254984415
0.38695946271323434
0.3615674472434733
0.33321741068045535
0.31913663668925046
0.31458128183843387
0.30283060594941014
0.28813424871612564
0.27401693961159607
0.27179031214252586
0.2555858413167142
0.24530140477456902
0.2338079528406104
0.22219715643772903
0.21811793519766884
0.2020758294043753
0.19407112284236683
0.1840813190175433
0.17232043893519292
0.16587398057904004
0.1627470998525389
0.1599985661405744
0.15333285770087784
0.1477865513953238
0.14679712335420866
0.13829652235670414
0.13677503542094327
0.13061685974830212
0.12808312371052932
0.12210993879778731
0.11555305976864305
0.11376937032265401
0.1107143011090393
0.10859814068975948
0.10118451874499468
0.09740236779573389
0.09551931669818785
0.0933276460443702
0.0889886769787484
0.08604125470050765
0.08308335149698075
0.07930775493635489
0.07830406504758586
0.0756417618825012
0.07523118594568128
0.07416536537009519
0.07349673057798962
0.06924613504841978
0.06910025128707906
0.06800070512425227
0.06742645181170198
0.06581966920299685
0.06258217291651808
0.06157248047433258
0.06087214800748345
0.06035173886114419
0.05718026001956718
0.05606420491267748
0.05423476523550222
0.05397661465238873
0.05378247405542851
0.05189914986029336
0.04869632174913832
0.04773508292574856
0.04728254931465233
0.04693252038696118
0.046723657370079275
0.0440550038848032
0.042491991619567245
0.041961526636721605
0.04123615630476111
0.0400103705006597
0.03886141286278204
0.0379741974932433
0.037472600622362726
0.036155012052485246
0.03605733864558647
0.035939571920382864
0.035544880904218125
0.034127498331734375
0.033724062100757034
0.033553005727007305
0.0330153153361303
0.03240028512028785
0.032200854778980104
0.03168973549519948
0.030713726738499283
0.030666704880307632
0.03014327638320527
0.029382609821622722
0.028548267395174836
0.02826449712580107
0.027952512293417487
0.02756213809312316
0.027374008632779466
0.0271114295355695
0.026322252157794768
0.025458838377689016
0.025223072258786294
0.024609465356525962
0.02456076223142675
0.024469661807905187
0.024051619678266814
0.023591210726119187
0.023116356352629368
0.022316238651800328
0.022057637091610113
0.021828315860759763
0.021436637909237256
0.021248848851606533
0.020990177081592377
0.020422408428697664
0.020032367329080182
0.019831995129775674
0.019369200143049912
0.01915053640654255
0.018671100289272085
0.01849352240392255
0.01843595304258847
0.018272978118573754
0.018035407486782448
0.0178789142407183
0.017549970904191876
0.01730268910885542
0.017267256980100797
0.01715198050044278
0.016995944944796094
0.016983776851908144
0.016367134720597146
0.01629436682936854
0.015959470253225028
0.01564933129696019
0.015520028595873226
0.015343630705355634
0.015321096091246635
0.015249814903698164
0.014913675138392138
0.014883518709483415
0.014758011910758774
0.014236452035233013
0.014129733463731165
0.013730361964805881
0.013714925171017078
0.013571337440760273
0.01355451728735357
0.01354899343497863
0.013105848005445802
0.013021118529943978
0.012846819943949388
0.012621989808595477
0.012378684511772427
0.012340387231115755
0.012239556130769762
0.011971639359305052
0.011921498005898534
0.011768291281490062
0.011650712764590433
0.011360603596765596
0.011332493869627964
0.011190714438491432
0.011032443890819695
0.010964020440859918
0.010800709446112906
0.010628378342779068
0.01046348311192973
0.010398094546813556
0.010316267257437346
0.010167412013702623
0.010137001558203563
0.010094988828911982
0.010039395910495269
0.00995710587885119
0.009889567050456865
0.009780210682155776
0.00970975230948314
0.009596688638657789
0.009529995457606778
0.009469376295549342
0.009317229977933406
0.009217265566812401
0.009172789677378983
0.009052935973675673
0.009005556380979354
0.008964690750599592
0.008878260487498027
0.008840783350414362
0.00876105976959172
0.008630968763619335
0.00856948085792224
0.00848094298651752
0.008370059826236101
0.008257667085637037
0.008134107476205778
0.008117317327868722
0.00803654350343996
0.007929383196540697
0.007909303148811615
0.007902432584035661
0.00784883731973736
0.007777311083822944
0.0076666407170103935
0.007493290395975133
0.007458946979655622
0.007368767424599083
0.007280490834108113
0.007263222253657229
0.007258721106485101
0.007110992333878161
0.007096456335000483
0.006974630816813605
0.0068858537299438015
0.0068755477277581975
0.006824539362614285
0.006713187215191382
0.006683976339861083
0.006646811958231858
0.00656982387677352
0.006479212965214173
0.006423085361576053
0.0063323927827789814
0.006314912024938922
0.00621530864623162
0.006109231703788198
0.006100316482793171
0.006092867564383494
0.006063645206630256
0.006005738691732335
0.0059808576824208854
0.005979485167209714
0.005944929487502424
0.00583225667733205
0.005796803664549005
0.00576723882786295
0.005705338160687172
0.005674001841704407
0.005640307352073773
0.005617837713829697
0.005591763036892517
0.005559467537206989
0.005535543759734992
0.005521264132463759
0.005410376562407696
0.005394125842825281
0.005366182151593007
0.005295327373119341
0.005292419118360553
0.005231952873421123
0.0052002557578828025
0.005160385017089403
0.005141611056294639
0.005077113690880243
0.005058404638870369
0.00499703118229441
0.004991235019163015
0.00493749879041124
0.0048735034295896386
0.0048718689797683555
0.004860068435137701
0.004852191516374411
0.004790214266354785
0.004777323512113497
0.004722366585951184
0.00463929534508009
0.004636089754799215
0.004588996014471284
0.0045414370794765275
0.004526956167969736
0.004519473234274104
0.004463784771650526
0.004449317369177356
0.004438878960814818
0.004414321265930744
0.0043533777179470086
0.004310491627892359
0.004273070494210574
0.004250041262587382
0.004230855720678933
0.004205641327266661
0.004188013105757349
0.004148428591834173
0.004126816182255154
0.004021580060399351
0.004016808668127032
0.003990378852965406
0.003985947532022517
0.003948900692327761
0.003935353441071839
0.003913785569771999
0.0038917511465434915
0.0038734528300165476
0.003854367894568625
0.0037864875466027737
0.0037435928582779973
0.0037269734023137675
0.003714409746630945
0.0037068348078927345
0.0036965131075075122
0.0036738348715489475
0.0036328045077289543
0.0036215668056805463
0.0035996857330924266
0.003590140884713003
0.0035847940671633583
0.0035751969724894463
0.0035570587854049196
0.0035267358549619264
0.0034943131068161984
0.003490234006361242
0.003479905070926919
0.003470460405459111
0.0034349763461310814
0.00339048130113867
0.003358347989098677
0.003357744033707597
0.0033348928376565937
0.0033150477875727117
0.003307800942913594
0.0032935391170663226
0.003275831605623348
0.0032660647575805213
0.0032463195205543476
0.003217196450499452
0.003211300116692354
0.003159644459094331
0.0031311330970890247
0.003129288328265799
0.00312522433233367
0.0031233378832638803
0.0030710485578778358
0.003063830256441311
0.0030402104268249554
0.0030385244890632677
0.0030284197482401123
0.0030166267286348214
0.002981999470039153
0.002947143563471735
0.0029346668992953824
0.002928379242614701
0.0028914387553151764
0.0028849451507989045
0.002869844200422043
0.002849548326780173
0.002846142887228486
0.0028405289770861665
0.002819349815374405
0.002809030205705384
0.002794266794485421
0.00274929559787771
0.0027468706984476246
0.002726101640609772
0.0027000904262773433
0.0026744694955465136
0.002661583693875466
0.002655104945816825
0.002651993191806765
0.0026488970783900474
0.002634400547451607
0.0026047213657233973
0.0025985544073494284
0.002575377476636006
0.0025653217205915055
0.002564176505093434
0.0025379879867339027
0.002510295389146881
0.002498620713313566
0.002483933163384608
0.0024748752672921147
0.0024674711069107586
0.0024271318314620445
0.002415967113952894
0.0024145563791092995
0.002410732992595168
0.0024060916791160455
0.002397822442187213
0.0023923236399983373
0.0023860420535837873
0.0023846295559937494
0.0023654141239908173
0.0023630021332186123
0.002353479400893812
0.0023378856566114276
0.002329806613442334
0.0023283307517634353
0.0023135548081649406
0.002287931547252956
0.0022709868877292976
0.0022531758316895563
0.002250089075704345
0.0022339031676941066
0.0022290505230065163
0.0022289620896578967
0.002219012651284313
0.0022175496889169062
0.002211827484555163
0.0021960827883576325
0.002191841749203142
0.0021916162688307653
0.0021559959398360796
0.0021482466916857555
0.00214310996631825
0.0021255574060812725
0.002104279191747053
0.0020980953058821698
0.0020893853205398594
0.002086956989306309
0.0020844756251248023
0.0020744499264939206
0.0020705786279452683
0.0020645262280733633
0.0020577422885020686
0.00203252107103627
0.0020200205263644993
0.002010905911156249
0.0019964234864407945
0.001978505889079179
0.0019766666950321666
0.0019749232126498907
0.001951793002373015
0.0019473120860793041
0.001946160612214005
0.0019435878888473229
0.0019376536413285815
0.0019316842900717768
0.0019280013826964248
0.0019042153512699256
0.0018993506504280653
0.0018711807348169543
0.001865937171198034
0.001863031663944209
0.0018471428527469004
0.001838589850934014
0.0018358683342649038
0.001833627346519372
0.0018204867327531323
0.001811819557146748
0.0018107357888469363
0.0017971712471191313
0.0017945429767809518
0.0017745295698417102
0.0017671815320389264
0.001756945832932885
0.0017564174687162862
0.0017534896787297226
0.0017385339074374629
0.0017324276469080086
0.0017243206151115965
0.0017015282764954592
0.0016942767983981314
0.0016870280636330794
0.0016777350553315658
0.001674498810742221
0.0016737745401999723
0.0016667477036915585
0.0016633128129601726
0.0016557785090145708
0.0016514739752814267
0.0016373590854007782
0.0016334464087715426
0.0016301783392418103
0.001627782464080932
0.0016201579534547742
0.0016095800398559248
0.0016046647154148806
0.0015975906023432032
0.0015909781781079256
0.001585512387991858
0.0015838281084038148
0.00157907272733846
0.0015644947892088244
0.0015624612042258964
0.0015600058483026804
0.0015504115544799032
0.0015498066985573894
0.0015446078785573913
0.0015429634989229414
0.0015351413353311355
0.0015237716224252417
0.0015232200955303987
0.001519027392266122
0.0015139405694481916
0.001503463948356255
0.0015003216772985486
0.0014914611616866887
0.0014871017771076185
0.0014790682764509889
0.0014693828190723878
0.0014622221441476756
0.0014605300042779816
0.001455296391926229
0.0014519527433223104
0.0014505047046374068
0.0014421556459912582
0.0014402125762607233
0.0014387842182636268
0.0014216683541513318
0.0014210186825713911
0.0014078220833472525
0.0014045046406509258
0.0014014993092357918
0.0013950296529164044
0.0013880037914652333
0.0013833906153142448
0.0013781066299956436
0.0013744905299812365
0.0013722605845162578
0.0013682530726449491
0.0013646001116330282
0.0013644322066622568
0.0013590394250863117
0.0013479701793866787
0.001340372434846265
0.001337099488104633
0.0013262716085716587
0.001322342789040604
0.0013145947790783696
0.001309128148423248
0.001306500231555166
0.00130122983244294
0.0012989747943022976
0.0012954293246382027
0.0012851315132256268
0.0012804536744435411
0.0012785294663995026
0.0012768158317504172
0.0012735824316085736
0.001269976468079503
0.0012637145498766557
0.0012564817648401943
0.0012540722155408967
0.0012456477215820796
0.0012387069067156557
0.0012347998460366357
0.0012307111668199452
0.0012237913132363716
0.001219568737743316
0.001213844509324664
0.0012066026415660737
0.001204508804654039
0.0012020699345087857
0.0011977979953270304
0.0011909538633015496
0.001188130980477005
0.0011862643573920897
0.0011790334189759645
0.0011753941541486753
0.0011723395401655185
0.0011668362420443506
0.001163676324647961
0.0011588436216384028
0.0011535535494376515
0.0011479300514796273
0.0011413565924615198
0.0011403586267441043
0.0011379220980876287
0.0011334744655044026
0.0011298263895533117
0.0011256645142826366
0.0011256578762033431
0.00112415271511597
0.001122890883274216
0.0011114401452950004
0.0011096064412779358
0.0011080096346034298
0.0011074248449429148
0.0011064978566248014
0.0011049461046969372
0.0011029237508238684
0.0010970742979848087
0.0010943804655502048
0.0010911184747114393
0.0010814733141624635
0.0010745808757496441
0.0010719563144130362
0.0010707426278841314
0.0010684183018982803
0.0010650560768495593
0.0010627129736135625
0.001058550670257386
0.0010546363179623902
0.0010532700045132678
0.0010512181060302727
0.001046206289800828
0.001044682071175586
0.0010408651893605663
0.0010340858623352704
0.001026824409183462
0.001025544126124316
0.001024427126681651
0.0010235638647550936
0.0010217505738731687
0.001017820040534513
0.0010150788304081025
0.0010066392190304864
0.0010030120512002406
0.0010005171040146827
0.000997909992172904
0.0009952362529660798
0.0009923672436620646
0.0009887902691349116
0.0009875380725023876
0.0009861761229684454
0.0009817874401825335
0.000978362534370738
0.0009724958389032667
0.0009716536506769082
0.0009680531470083244
0.0009598363911174658
0.0009559850836567192
0.0009529629528526695
0.0009516592878629509
0.0009505427630514805
0.0009495457193172417
0.0009439724082096652
0.0009393114586369756
0.0009385536005217385
0.0009357381165396408
0.000933761837753735
0.0009317158414813854
0.0009289974269141376
0.0009218471141348025
0.0009203344398854309
0.0009190044857633031
0.0009181591214726126
0.0009115586886360966
0.0009087899577961824
0.0009050068229340361
0.0008998701085438782
0.0008990035670123944
0.0008957291584925113
0.0008948923032085543
0.0008864896430577561
0.000883568410714022
0.0008825466804265481
0.0008820721162825295
0.0008797078467036336
0.000878880671751705
0.0008778217718942873
0.0008674644156382247
0.000866222520078453
0.0008635057694037735
0.0008609623685638214
0.0008591376160134529
0.0008572191834002911
0.0008541487612564808
0.0008526637063308224
0.0008524079684896534
0.0008474957330984493
0.0008460737990521356
0.000841422506625822
0.0008366380426675434
0.0008325248805895086
0.0008295203870525707
0.0008287466264524088
0.0008270384819150529
0.0008219898009776131
0.0008202644981162319
0.0008193500465335044
0.0008181031830425407
0.0008175225604153179
0.0008152045373559371
0.000813702881483164
0.0008119585321431225
0.0008105960786796477
0.0008094292935928295
0.0008093672487316997
0.0008070641177479701
0.0008015716861475515
0.000801519503131415
0.0007978748967692095
0.0007954502525587626
0.0007926285718226803
0.00079146245861018
0.000790084884047563
0.0007890007445150287
0.0007847713706402637
0.0007834194234069918
0.0007815560183157702
0.0007798548370945324
0.0007765627798701745
0.0007763372823620135
0.0007740927668817357
0.0007710339247683193
0.0007701770129364318
0.0007693811325421517
0.0007651534836556095
0.0007613832697274446
0.00075964158728267
0.0007574554707308616
0.0007568232066481671
0.0007559655025744132
0.0007541200054468614
0.0007482712679172268
0.0007461897460558051
0.0007458082740706373
0.0007450890803500321
0.0007437443592402857
0.0007413793135245977
0.0007396259890583818
0.0007368336224945441
0.0007353892907834219
0.0007325248864811249
0.0007302551793767571
0.0007275390128410018
0.0007273916268198654
0.0007259105451893573
0.0007226382113306428
0.0007196700327816883
0.0007188345433624723
0.0007134276465297436
0.0007126263130805788
0.0007118400875300815
0.0007085859475040623
0.0007075616984393945
0.0007056378584370533
0.0007035490861511688
0.0007032734632996527
0.0007006306063589335
0.0006991536143717261
0.0006968497900842347
0.0006947138799081313
0.0006931777145340776
0.0006927841195437685
0.0006917968705966251
0.0006905000484522587
0.000685320421695763
0.000681743862800953
0.0006788955549134075
0.0006781569636184164
0.0006771381553232491
0.0006769340070353894
0.000674230204046613
0.0006711680068864467
0.0006679865699571637
0.0006666618762035248
0.0006637576942389934
0.0006626568281558119
0.0006623109386737488
0.0006602912869974926
0.0006593798349652551
0.0006573232955810899
0.0006565457187021742
0.0006548102090597767
0.0006532183661443255
0.0006517376432225484
0.0006500092976076435
0.0006465806688102958
0.0006447987443909407
0.0006408738488944981
0.0006392861883156247
0.000636482299019579
0.0006358522706445896
0.0006344879628464907
0.0006335604423122977
0.0006333375678264795
0.0006311812142510658
0.0006281056700590202
0.000626960344868576
0.0006251537799644554
0.0006234430161151409
0.000622914655633771
0.0006195906813272234
0.0006189288416530242
0.0006159298785554989
0.0006138385015747101
0.0006112989542252128
0.0006101356080090272
0.0006071589960014416
0.000605194134476742
0.0006051054041718842
0.0006046685491018534
0.0006039955109448906
0.0006039669469594772
0.0006025789835776355
0.0006023499826896527
0.0006017082631609514
0.0006010023378100414
0.000597084677736515
0.0005966591242054324
0.0005935124773846942
0.000592557712356781
0.000591843250388764
0.0005913943955122013
0.0005904498988651273
0.0005879351295604475
0.0005872129127932349
0.0005861441989295871
0.0005842644526704707
0.0005818159140465923
0.0005811510373944857
0.0005800090889693977
0.0005774214856332738
0.0005768939286473332
0.0005755553190320762
0.0005748700460223033
0.00057396794817432
0.0005731451859741655
0.0005718977981097776
0.000569384298018159
0.0005678971496526934
0.0005676176959174071
0.000566125902150584
0.0005630053245568226
0.0005614338898399967
0.0005601031688248928
0.0005595382663124276
0.0005587801534252828
0.0005585033966671622
0.0005574443230912163
0.0005555385181208344
0.0005554248378071229
0.0005554163288375588
0.0005532873874367039
0.0005504520377048886
0.0005500840407719514
0.000547639463205806
0.0005465142038332387
0.0005448103984483401
0.0005436502770238408
0.0005415097574880377
0.0005374503487928766
0.0005373037548906173
0.0005371116198779263
0.0005356674653426763
0.0005350999308209748
0.0005344129984550894
0.0005343063006847592
0.0005331805660199363
0.0005318159031971179
0.0005308856954215407
0.0005301713883871197
0.0005277586969318973
0.0005268903335593592
0.0005260148712194948
0.0005245436861796682
0.0005234290857025099
0.000521428531859857
0.0005210134734735294
0.0005185920547461098
0.0005185883343232672
0.0005159821404966946
0.0005135448887020465
0.0005126480574927292
0.0005111913123999432
0.0005101738216474852
0.0005094164308357898
0.0005094030344037597
0.0005086053984792152
0.0005076422317634932
0.0005050995871902251
0.000503486102036355
0.0005028546988515075
0.0005017790631970089
0.000501086604311656
0.0005000656424305628
0.0004999230641429533
0.0004987566055790773
0.0004970818936148579
0.0004954694808557281
0.0004930598785107009
0.0004926964842282367
0.0004921684247459661
0.0004918090897151722
0.0004894924935106677
0.0004875284143043222
0.0004855747538911206
0.0004848279784263769
0.00048404939980538624
0.0004829998749446561
0.00048166096910793113
0.0004797605383480196
0.00047956732862962213
0.0004785412519185645
0.00047714673663341677
0.000475723820114219
0.0004755728752310828
0.00047523704218397364
0.00047330712867481946
0.0004727171636707063
0.0004724322552862548
0.0004718205839714915
0.000469258447361588
0.0004683082708027733
0.0004672782791270334
0.0004639933303657237
0.0004634326208645009
0.0004610013635982681
0.0004602293834303699
0.0004601637990695033
0.0004600770854914642
0.00045933516228648265
0.00045805826346659355
0.0004575532606570065
0.00045438899869977757
0.00045423639524038063
0.00045421566596583494
0.000454084824988239
0.00045327872770760505
0.00045311071032462443
0.00045310599135763507
0.0004514566425397346
0.0004502795071259324
0.00044964651610044287
0.0004490589704385893
0.0004464733614926192
0.0004461220546752871
0.00044491683896254685
0.0004428554510458108
0.00044265416330974236
0.00044237701942591686
0.0004422826502600058
0.00044091295802398903
0.00044025765535280365
0.0004393951948208502
0.0004377228107930731
0.00043707407386367003
0.00043670888808917274
0.000435671750145268
0.00043558765966311523
0.0004351879904879078
0.0004346859901756713
0.00043280851569109553
0.00043227289806983403
0.0004317227080034099
0.0004316074026758489
0.0004305309810912154
0.0004299141051356152
0.00042828669006372133
0.0004260254974716418
0.0004256732802048679
0.0004235343605831811
0.00042230652496131737
0.00042222760203021876
0.0004216390383692993
0.0004214889417586958
0.00042073948641710684
0.00042037023327569964
0.0004190197483031719
0.00041870304733097896
0.0004169522864630954
0.00041568173384908105
0.00041520489151495134
0.00041478169035706586
0.00041345530592799997
0.00041176385166509283
0.0004115039591630681
0.0004109146261822332
0.00041043255714641555
0.0004101527192584778
0.0004093773056463201
0.0004073807036907944
0.0004071258995677625
0.0004063965516567659
0.00040562157995804247
0.0004049301923568213
0.0004038096583307261
0.0004038018039895801
0.00040299506176062994
0.00040251038343637387
0.00040087953927281085
0.00039964188619859346
0.0003990552471949833
0.00039796779768825426
0.0003964157463130637
0.0003955744927148217
0.0003951859533815961
0.00039286329365249286
0.00039227871351423595
0.00039190212309756346
0.0003911702095749892
0.0003908271323096003
0.000390060800934346
0.0003900012460683443
0.00038985118847824286
0.0003892713851295528
0.0003885793692899422
0.00038779702573920667
0.0003861847762614815
0.00038510212718827707
0.00038427879537787993
0.00038312977256997697
0.00038293599997103674
0.0003822297319923964
0.0003817635014354711
0.00038117213262566885
0.0003792151849818875
0.0003780223176032384
0.00037755977719895897
0.0003770389707886107
0.0003758846957707942
0.0003750227051073273
0.00037481631213621974
0.0003733775357166794
0.0003730013690993607
0.00037266741229009185
0.000372132838730412
0.0003703984950961441
0.0003697187872439137
0.0003690984820405839
0.0003687506997693614
0.0003678297130856503
0.0003674406680308291
0.0003671921363247458
0.00036700744861234744
0.000365817442379666
0.0003655559919291714
0.00036395777060047903
0.00036328522049735695
0.0003617117440095119
0.0003609231291015913
0.00035978567375628264
0.00035873448953137744
0.00035820982986794613
0.0003575238108040492
0.0003563850739743569
0.0003557090165455346
0.0003556995580050366
0.00035531415515102405
0.0003551226231564735
0.00035492779504067636
0.00035458888530965835
0.000353888393110987
0.00035276958055274635
0.0003521169545219225
0.00035154721790883335
0.00035032098988175447
0.0003490890345897443
0.0003484348318865325
0.0003479674064072519
0.0003473240987762103
0.00034657242435048017
0.00034621157334744474
0.00034558449670386084
0.0003452770557154316
0.00034485960265151315
0.00034394813908337455
0.0003435643659743535
0.00034321662510574064
0.00034310082568644596
0.00034242904004220636
0.00034206168029785977
0.0003415800752469923
0.00034104067731399696
0.00034074516736719453
0.0003398646744788562
0.0003391787095689962
0.0003384036554476668
0.0003382107237875594
0.00033791359040430754
0.00033722121731610566
0.0003364743334424921
0.00033595631804856523
0.00033490565845847967
0.00033479334235226595
0.0003340974253333172
0.0003334931427980995
0.0003333131002759262
0.0003328109100064497
0.0003321520009731346
0.0003315373189797557
0.00033109143989428294
0.00032901691636371663
0.00032880867959196987
0.00032863466606373575
0.0003272771664563063
0.00032629550261125464
0.00032620726234039075
0.00032554801604014707
0.0003255129437934135
0.0003253275751532469
0.0003245219041288238
0.0003242515165974196
0.00032371852054321315
0.00032315580143497404
0.00032251207205627474
0.000322440458143123
0.0003222439868039842
0.0003217157437846278
0.0003213225579235624
0.0003210027841586688
0.00032041411999753164
0.00031843793829399743
0.00031717948298283716
0.00031703102209428436
0.0003163691017585798
