1.629746152872225e-16
2.4819232685038387e-12
3.745438280267068e-11
1.2303173959908837e-10
4.4256533654810595e-10
1.2442212310816124e-09
2.9212444021319942e-09
5.545565361834847e-09
9.149013982521001e-09
1.3425263664253442e-08
1.8216486055062858e-08
2.3224510972752413e-08
2.837501355460524e-08
3.351271176398366e-08
3.864830302250552e-08
4.371432126192526e-08
4.874516309572621e-08
5.3704996256155617e-08
5.862167657928239e-08
6.346843865205931e-08
6.82618783966908e-08
7.297975321625848e-08
7.763137740907905e-08
8.219956137408496e-08
8.669080656702179e-08
9.109368953181787e-08
9.541446819845994e-08
9.96472987424109e-08
1.0379894706729631e-07
1.0786865268018694e-07
1.1186403481964516e-07
1.1578738835279103e-07
1.1964777850470488e-07
1.2345055541567031e-07
1.2720335934669856e-07
1.309164693167109e-07
1.345948070796153e-07
1.3825368969213444e-07
1.4189407718198945e-07
1.4553714837503754e-07
1.491794240229198e-07
1.528460519377833e-07
1.5653473621192927e-07
1.6026181509683053e-07
1.6403887648361953e-07
1.6787248757278022e-07
1.7173346010928215e-07
1.758075698306173e-07
1.7959374368231766e-07
1.8393441648866317e-07
1.8846242258429315e-07
1.9283115821792324e-07
1.9655666646930354e-07
2.00087744199501e-07
2.0407082125534175e-07
2.086469582421606e-07
2.1348518923319495e-07
2.1838503982473516e-07
2.2289247901806925e-07
2.2679164516232848e-07
2.2971250952556754e-07
2.3138487272154397e-07
2.3160797865023457e-07
2.3057906477557308e-07
2.2828202526031193e-07
2.244808950411721e-07
2.1962577983899763e-07
2.1424484912614362e-07
2.0763373163661455e-07
1.996765554364757e-07
1.9146462755184599e-07
1.8330287473583632e-07
1.7493918779435932e-07
1.6627280082370006e-07
1.5725689894086955e-07
1.4778107982466817e-07
1.3829566880766423e-07
1.2978071549653075e-07
1.2167698625680428e-07
1.1299011758940808e-07
1.0460176500476095e-07
9.717851078705314e-08
9.00617055601638e-08
8.295362127062295e-08
7.603307871206041e-08
6.950191274216799e-08
6.351392680092129e-08
5.816272978945626e-08
5.323525443089551e-08
4.8244763091431086e-08
4.3571921390583124e-08
3.9880346840336406e-08
3.6568784017163864e-08
3.312996481667403e-08
3.011749337763467e-08
2.7801884651058335e-08
2.604503529753643e-08
2.461824689212947e-08
2.3276809759169322e-08
2.222082584739166e-08
2.165535819417107e-08
2.1497170143909387e-08
2.1669805077064883e-08
2.2067888858824625e-08
2.2717282628400027e-08
2.3650076228764717e-08
2.5084912590673262e-08
2.715016937828654e-08
2.9692429581271476e-08
3.2799301825687043e-08
3.694839901393811e-08
4.218251081994833e-08
4.851403107456368e-08
5.634278762899035e-08
6.610650657763525e-08
7.825733714768566e-08
9.314819990965187e-08
1.1085569126302203e-07
1.3154213555173456e-07
1.5533886915492303e-07
1.827889172160675e-07
2.150198914788649e-07
2.538839364976226e-07
3.0374962131425336e-07
3.698813687144225e-07
4.516898008435504e-07
5.478272314711512e-07
6.604983557150949e-07
7.949671577477939e-07
9.590182287770747e-07
1.1625561693675827e-06
1.4150716300993767e-06
1.7201079892810635e-06
2.078254350337304e-06
2.4947094291648015e-06
2.9771223822098744e-06
3.5344657846664834e-06
4.176505877596497e-06
4.913959121385094e-06
5.763963522967275e-06
6.747367077806182e-06
7.882384432899092e-06
9.181823176366382e-06
1.0645243301248205e-05
1.2303791141054028e-05
1.4224688352703735e-05
1.636157525483681e-05
1.8585565288988697e-05
2.0916259732589705e-05
2.3395517930021498e-05
2.5905323071756732e-05
2.8268881875709577e-05
3.025461004155227e-05
3.165939985594952e-05
3.236030133562482e-05
3.2242745263814624e-05
3.1253341072084964e-05
2.938501831201583e-05
2.6814481334443367e-05
2.3926583767212193e-05
2.105599507407837e-05
1.83006660866595e-05
1.600894192647543e-05
1.4741853992390992e-05
1.559513503171358e-05
2.109642034795899e-05
4.03242025985708e-05
9.070636563126328e-05
0.00015582733474661322
0.00017138908863440394
0.00013457227743552734
8.938576122265111e-05
5.658079028016793e-05
3.585861323591568e-05
2.310843803584639e-05
1.5107612504481374e-05
1.0056897744354707e-05
6.8980104862398475e-06
4.921112782099179e-06
3.6413610993953374e-06
2.7958952654248737e-06
2.2256457289121564e-06
1.82944972951327e-06
1.5443692347511244e-06
1.332268257849469e-06
1.1677927317981308e-06
1.0347486056635974e-06
9.212765469301794e-07
8.1856633446232e-07
7.311835519476777e-07
6.654330395899102e-07
6.084849989411959e-07
5.529079748535609e-07
5.083853140273701e-07
4.76853885302861e-07
4.49486616971875e-07
4.233095880849366e-07
3.991454957062519e-07
3.7658865297331507e-07
3.55538913363198e-07
3.355356199989394e-07
3.1631449062219e-07
3.0017105465118366e-07
2.86742877046748e-07
2.7267973267785793e-07
2.592015826160645e-07
2.494648993124677e-07
2.40667378794261e-07
2.3001631055915006e-07
2.2078134497123535e-07
2.1464995777450057e-07
2.0856711068628612e-07
2.0169066058454452e-07
1.9593602428187287e-07
1.9116087539289027e-07
1.8623202715819657e-07
1.8177302527668748e-07
1.785422216846988e-07
1.7614699191427682e-07
1.7431692991812854e-07
1.730931304585324e-07
1.7236355326272536e-07
1.720430222394859e-07
1.7183786907767335e-07
1.713716127207874e-07
1.7076409803538667e-07
1.702653706341328e-07
1.7017695136943703e-07
1.7056597952811276e-07
1.711786651888851e-07
1.7199196419715425e-07
1.731983282500929e-07
1.7480102962434992e-07
1.7688624070221375e-07
1.798200475670096e-07
1.839496280932566e-07
1.891900656489854e-07
1.9438066638876703e-07
1.9708012698629966e-07
1.9663124981850124e-07
1.935025501223442e-07
1.887406513214632e-07
1.8331762056634105e-07
1.777221610000135e-07
1.7219118846879415e-07
1.6693762821588271e-07
1.6213951231135787e-07
1.577386312954007e-07
1.5396000942153835e-07
1.504466180967976e-07
1.4763398829328272e-07
1.4461099379177582e-07
1.4198302266954215e-07
1.3950765240739526e-07
1.3718125949065744e-07
1.3483991038290363e-07
1.3252934519855007e-07
1.3015001075313635e-07
1.2780479460388652e-07
1.2540460383057456e-07
1.2308551751966296e-07
1.2073315502482967e-07
1.1850762788652857e-07
1.1625315051353703e-07
1.141599555723101e-07
1.1202317904793665e-07
1.1007610445411438e-07
1.0805666171133358e-07
1.062565118867066e-07
1.0434438044760428e-07
1.0268768717823733e-07
1.0086909644133241e-07
9.935229397788751e-08
9.761192826907262e-08
9.623295131482504e-08
9.455438735492015e-08
9.3313060733087e-08
9.167852019136764e-08
9.057653995649635e-08
8.896649954051257e-08
8.800702685330118e-08
8.639958793112241e-08
8.558664755290953e-08
8.395646885777594e-08
8.32940878719963e-08
8.160983229515047e-08
8.11010384351691e-08
7.932119036549738e-08
7.896402557886624e-08
7.703605167185567e-08
7.68029194590017e-08
7.468994782417741e-08
7.444438617989192e-08
7.225004843677159e-08
7.150098281960903e-08
6.980959534047041e-08
6.723559855879129e-08
6.749375693700415e-08
6.129305232318973e-08
6.228198492367471e-08
