1.3195547789961483e-16
1.6861551427674748e-12
3.2485706265435e-11
1.1713461015815587e-10
4.2714617439373455e-10
1.2082527174587849e-09
2.8678168921967362e-09
5.4829335034108574e-09
9.071223557338599e-09
1.3329709853926534e-08
1.8123197027686975e-08
2.3185838968883e-08
2.847090540582215e-08
3.384401401984947e-08
3.9325070901054636e-08
4.4846368367237436e-08
5.043720446978386e-08
5.605284330725958e-08
6.171048473690216e-08
6.737050649467018e-08
7.303835328794052e-08
7.867912872129796e-08
8.429118546474578e-08
8.984619913640062e-08
9.534254968817286e-08
1.0076008559482226e-07
1.0609862851881308e-07
1.1134624522512415e-07
1.165054187648997e-07
1.2156931554152733e-07
1.2654433916515645e-07
1.3142951596702776e-07
1.3623218788647622e-07
1.4095771043189815e-07
1.4561338663340832e-07
1.5020999138712284e-07
1.5475248545168209e-07
1.5925768135860266e-07
1.6372701478199743e-07
1.6818486430025235e-07
1.7262831271245886e-07
1.7708504512877622e-07
1.8155561136511546e-07
1.860551520459964e-07
1.90601882425544e-07
1.951971376094887e-07
1.998131264014331e-07
2.0465734403408835e-07
2.0915265655005178e-07
2.1426579219017174e-07
2.195890984077461e-07
2.2469474069723046e-07
2.2904513725230135e-07
2.3313511214582502e-07
2.377355008106979e-07
2.4301433471504335e-07
2.486215874668603e-07
2.54358953176315e-07
2.5973581797787576e-07
2.645189023318067e-07
2.682805102677889e-07
2.7068482283544253e-07
2.714622587451832e-07
2.707976287656605e-07
2.686279758096733e-07
2.646393814534282e-07
2.5933749693020784e-07
2.533259607658185e-07
2.4577004000807873e-07
2.3654526414807159e-07
2.2694817774114555e-07
2.173408287049779e-07
2.0743193513081577e-07
1.9711225975263654e-07
1.8634243549397099e-07
1.7500495157254181e-07
1.6363732906418075e-07
1.534145859892638e-07
1.4364307170889376e-07
1.331959367431487e-07
1.2310980827650608e-07
1.1417368375156234e-07
1.0560414147057477e-07
9.706234017914267e-08
8.876020560440982e-08
8.09360773434513e-08
7.376707756635778e-08
6.735865208242377e-08
6.146013643762565e-08
5.550634604938094e-08
4.993347753125471e-08
4.550186593969208e-08
4.15200287963266e-08
3.740988375737732e-08
3.3796530048639025e-08
3.0973425628870846e-08
2.8774135489673023e-08
2.694161233472994e-08
2.5215913410351058e-08
2.3827920683261877e-08
2.3001156880245958e-08
2.263937556600125e-08
2.26519980350634e-08
2.291912650025153e-08
2.346187786637427e-08
2.431129302687908e-08
2.5696782058474435e-08
2.775344817336497e-08
3.032446599734709e-08
3.350960362119541e-08
3.7820688743843474e-08
4.3322762970716725e-08
5.004516156348939e-08
5.839469998261897e-08
6.881225172249775e-08
8.179449978597883e-08
9.786615563867052e-08
1.1756298011270684e-07
1.4205501973427889e-07
1.7275906285004762e-07
2.1118141849545043e-07
2.5895856556584005e-07
3.1760647643933304e-07
3.896730307284228e-07
4.77795432974706e-07
5.831048328785458e-07
7.072231975932807e-07
8.524626926800174e-07
1.022232639906476e-06
1.2221280366140654e-06
1.4595764327838034e-06
1.7438629352605542e-06
2.0815122009594843e-06
2.4727379985372857e-06
2.915191161248705e-06
3.4069450740194815e-06
3.949462213482414e-06
4.545538461881021e-06
5.197564514845561e-06
5.914784135203393e-06
6.710419823702785e-06
7.595876111397797e-06
8.56677257502109e-06
9.59148500316671e-06
1.067047450448303e-05
1.1835354712427395e-05
1.3021973267785065e-05
1.4138468268748756e-05
1.5241174595497779e-05
1.639611624904798e-05
1.7571191423192928e-05
1.87272406621929e-05
1.9824153188376316e-05
2.084619673374663e-05
2.1803016152278372e-05
2.267516204212075e-05
2.343867554688484e-05
2.4060159146326753e-05
2.455603036596927e-05
2.5028306335315413e-05
2.5452001772711145e-05
2.567397550855635e-05
2.562327037216629e-05
2.5326489511874867e-05
2.4966834256994088e-05
2.464190022352637e-05
2.407401448205998e-05
2.3189117853250187e-05
2.232294748552286e-05
2.1516432308713592e-05
2.050197562542687e-05
1.925299207091055e-05
1.7918154557355955e-05
1.6640962719633308e-05
1.5466940301748357e-05
1.4277856225113196e-05
1.3064525541255126e-05
1.1955713772705574e-05
1.0964775417590845e-05
9.986089601657978e-06
9.012085673374732e-06
8.104822717577264e-06
7.3165620620603445e-06
6.654951529155884e-06
6.079261577405711e-06
5.555946279855347e-06
5.08329304303224e-06
4.662203028194767e-06
4.27111207486086e-06
3.924404733408769e-06
3.6672863335690442e-06
3.4655937733211797e-06
3.27052270092808e-06
3.1011743238817704e-06
2.9725661166222033e-06
2.8606349190162668e-06
2.76002464859567e-06
2.688480473364817e-06
2.64652448774583e-06
2.626190519110761e-06
2.61541090418148e-06
2.6035238331239113e-06
2.6035838141376745e-06
2.626748822164252e-06
2.653270473411581e-06
2.6790182539674066e-06
2.7304518738206442e-06
2.8002237532262327e-06
2.856263401023743e-06
2.912548271703346e-06
2.99568397774523e-06
3.087442140993382e-06
3.1701099529423987e-06
3.25806388764502e-06
3.3563631916475543e-06
3.4517028803912693e-06
3.5452129374196152e-06
3.6460078773806236e-06
3.7505866574281437e-06
3.854010413991031e-06
3.956382445955203e-06
4.0585141738880165e-06
4.162328994117854e-06
4.265728162539384e-06
4.362264968905502e-06
4.452108445380939e-06
4.537344022747447e-06
4.621669826221544e-06
4.705858843843374e-06
4.785382916317944e-06
4.85854208449917e-06
4.928771778563642e-06
4.996010464283576e-06
5.061844066848114e-06
5.132548326318047e-06
5.214822408197869e-06
5.307608194012561e-06
5.390438362889136e-06
5.414000015716043e-06
5.362913364440792e-06
5.241709272612678e-06
5.070026886181947e-06
4.867425845981966e-06
4.646149778141659e-06
4.413043293809367e-06
4.177986515805575e-06
3.9465584642682195e-06
3.7249920454915482e-06
3.511905241050182e-06
3.311279817408181e-06
3.1150571178741497e-06
2.9002850505424604e-06
2.703134810739062e-06
2.5232601853613344e-06
2.359121004303392e-06
2.209374154680616e-06
2.073764828635378e-06
1.9497434548650307e-06
1.8381867737074186e-06
1.7372221112326475e-06
1.648659682577822e-06
1.5691413830710585e-06
1.5001063838428994e-06
1.4375335245213272e-06
1.3835695403639785e-06
1.3332949491627222e-06
1.2892475326634766e-06
1.2457015763628551e-06
1.2065002364018805e-06
1.1655548425732812e-06
1.1284937137415335e-06
1.0885352715361888e-06
1.053079675426722e-06
1.0140318743658644e-06
9.80607465226754e-07
9.428162194709104e-07
9.119728310190321e-07
8.756517863839519e-07
8.477676627226157e-07
8.128738003461617e-07
7.88151643501339e-07
7.54439604700567e-07
7.329819834283617e-07
7.000844826156221e-07
6.819551397180312e-07
6.494340535037275e-07
6.347011039051936e-07
6.020464263812621e-07
5.908345632304505e-07
5.574097193416291e-07
5.499097368761287e-07
5.150335342443423e-07
5.109883669377286e-07
4.7499115389272995e-07
4.711593953240016e-07
4.3894706521251627e-07
4.2309164057088335e-07
4.0684169662528234e-07
3.5716436112935834e-07
3.363418535048795e-07
