0.016595515524716963
0.0007411447562236194
0.00011733463016466974
0.00011115251287870783
7.364909246518513e-05
5.1380494589719575e-05
1.2813327861491248e-05
4.864726538396909e-06
1.1841152548131301e-06
6.310160211609597e-07
5.038990309656334e-07
4.662621662146768e-07
7.867354759400806e-07
2.199194291214424e-07
4.3778365934314654e-08
9.185990174091525e-08
7.197596854808022e-08
2.6212889966847292e-08
3.1620042558668496e-08
1.2695883938161054e-08
8.617706546566735e-09
5.82486381565832e-09
1.4159053800777102e-08
1.8966930858073914e-08
7.0540221051692546e-09
2.312942713854379e-09
5.064245672685842e-09
5.341517123299148e-09
1.1788358162914278e-09
1.3124475723185119e-09
