0.23264677647139387
0.21298613117607315
0.12468620105364003
0.07089625533903765
0.05709849195718437
0.04110604997246087
0.017033320792488777
0.012654382138803181
0.006207492532654504
0.0027632638579681147
0.002341324540920965
0.0024740763576193733
0.003138915553737948
0.0007680603195340182
0.00048154123103173285
0.00047913490115311284
0.000413658210047293
0.0002307353078515329
0.00025094954576694356
0.00020257901644037926
0.00013842005465323202
0.00014631417301537005
0.00015944535153257532
0.0001299776796145189
0.0001173705443660794
1.683926556836764e-05
7.797266227178024e-05
6.441631181088789e-05
3.920271804135111e-05
4.407668959846234e-05
