288.5217061120732
12.840926289847836
1.7812314049167433
0.5104537700303263
0.3231035279558195
0.2710604606009094
0.15124591051661912
0.08054346208428094
0.053688454067844046
0.036189679733139364
0.034219921452006447
0.026844060596101355
0.01871149610916699
0.015462811741692693
0.012169459109801693
0.009501765891831548
0.0068137549475099654
0.006183743752065217
0.005744309254447078
0.0052388152328187955
0.004335308294565072
0.003565495880206709
0.0034638635471468332
0.0030790754151486396
0.002791404873010478
0.0023405630491154343
0.0022797944104102994
0.0020358475004480453
0.0018815817425416363
0.0017996335632376615
