1.0704773450676676e-18
1.4382993401730188e-14
2.7848185325846547e-13
1.0353170315966464e-12
3.473261863511834e-12
8.985356668526005e-12
2.0321455339998077e-11
3.9102099493581705e-11
6.74027662423477e-11
1.0529257073444346e-10
1.5346783078046113e-10
2.111000113735316e-10
2.784162652027232e-10
3.5457510720689956e-10
4.3975860087171246e-10
5.332543408737901e-10
6.351366218764147e-10
7.446877594181592e-10
8.617703999171426e-10
9.855804072926356e-10
1.1157689988868348e-09
1.2514648344671438e-09
1.3921840539407365e-09
1.537058948259859e-09
1.6855660453834582e-09
1.8369157957601572e-09
1.9906226346881067e-09
2.1460297376015054e-09
2.302732935483365e-09
2.460242491071912e-09
2.618258910911757e-09
2.7764432711208755e-09
2.9346186970692428e-09
3.0926092422586176e-09
3.250282344227806e-09
3.407675031137874e-09
3.564646895242739e-09
3.7214527706197534e-09
3.877878983137426e-09
4.034431097074194e-09
4.1907385102169365e-09
4.347588502312597e-09
4.504391845020805e-09
4.662195948038605e-09
4.819935819328486e-09
4.9797112015374015e-09
5.13744657325424e-09
5.302002232721568e-09
5.456246156302611e-09
5.620402297890061e-09
5.795850161248442e-09
5.963540142555094e-09
6.106540014103963e-09
6.238232378481822e-09
6.378684585153817e-09
6.531970731731491e-09
6.689140933649772e-09
6.844575168127695e-09
6.986028382208471e-09
7.107747847086846e-09
7.199848076587431e-09
7.254585714386348e-09
7.2665845409897356e-09
7.2421944890208305e-09
7.181230264881074e-09
7.075843299544531e-09
6.940000127101816e-09
6.790170978737173e-09
6.603389918932803e-09
6.375061321116825e-09
6.13968474788257e-09
5.906631913975784e-09
5.667422202845198e-09
5.418339148413788e-09
5.1573831359709515e-09
4.880115351680912e-09
4.600723054519207e-09
4.351949812734236e-09
4.114809683717243e-09
3.854805645175529e-09
3.602008951989247e-09
3.3798051949134123e-09
3.165065778902276e-09
2.9468940836242806e-09
2.731478494463173e-09
2.5261917631464626e-09
2.336844396389548e-09
2.1672494687545595e-09
2.00966760928365e-09
1.8452695769026215e-09
1.688555337056778e-09
1.5663509751822825e-09
1.4555636031737276e-09
1.3354753321972609e-09
1.2284992278630905e-09
1.1466957101433046e-09
1.085269839576743e-09
1.034666089408767e-09
9.842501814021931e-10
9.429539472714558e-10
9.207883795560447e-10
9.154953133012654e-10
9.245386836132903e-10
9.433257699731452e-10
9.724556189654468e-10
1.013122551686659e-09
1.0770890675267461e-09
1.1721103263261e-09
1.2895061156680528e-09
1.4336783952418806e-09
1.6360252377575658e-09
1.9062919304617535e-09
2.2472041426126468e-09
2.6852530109444314e-09
3.259468906688346e-09
4.023353944552377e-09
5.032270797156679e-09
6.329724840491638e-09
7.998392562342216e-09
1.0165575177535808e-08
1.300821336721681e-08
1.6757758044515773e-08
2.1656199782521445e-08
2.818461116302927e-08
3.709854306449655e-08
4.9024454203445543e-08
6.464321377255179e-08
8.499834127489835e-08
1.1165825710257167e-07
1.4693749449382273e-07
1.9403960669658085e-07
2.570500711864902e-07
3.4022728159185247e-07
4.4832582337063783e-07
5.88100477983318e-07
7.682987919146947e-07
9.998183740894002e-07
1.2958035481752332e-06
1.6717967196346063e-06
2.147754632709052e-06
2.7479044023106155e-06
3.498358343733616e-06
4.424781155242912e-06
5.546022344344075e-06
6.894816572347681e-06
8.526575868353762e-06
1.0432253724400344e-05
1.2534326366598508e-05
1.483314478368339e-05
1.7345463301599837e-05
1.997044670629358e-05
2.2545837861953407e-05
2.4846827886378913e-05
2.6656104652950497e-05
2.7818635046943536e-05
2.819111877758144e-05
2.769431801685396e-05
2.6293195054700145e-05
2.412978376154146e-05
2.155776729029949e-05
1.8903331840189684e-05
1.6270688669615046e-05
1.3983999845604307e-05
1.2536312592944219e-05
1.2924916437058853e-05
1.7574210072056337e-05
3.5803217521153856e-05
8.67623280498666e-05
0.00015349923557070325
0.00016833501806167372
0.0001304319433508213
8.571803759917701e-05
5.399693804062025e-05
3.4174446544290844e-05
2.2022643157558336e-05
1.4400580029632153e-05
9.589997593094631e-06
6.581854935562383e-06
4.700108041178841e-06
3.4816140277418874e-06
2.676292913306691e-06
2.132770814554635e-06
1.7548186201329966e-06
1.4824854585906092e-06
1.2796638665210142e-06
1.1221769833713478e-06
9.944427996146775e-07
8.850201825031747e-07
7.853940654315086e-07
7.000633778794189e-07
6.352648652753266e-07
5.78550469864455e-07
5.228097253786801e-07
4.780078851488388e-07
4.4670900130804993e-07
4.205214424060679e-07
3.9614367403940777e-07
3.7371559359910724e-07
3.526955749573659e-07
3.331557278469123e-07
3.147593273378875e-07
2.970932583359605e-07
2.8218228248358977e-07
2.696287380682027e-07
2.562188378903542e-07
2.4315625473008743e-07
2.3359663856927116e-07
2.2498041162968572e-07
2.1461508932942244e-07
2.0556446912323547e-07
1.994855631433713e-07
1.9349601872417642e-07
1.8671070621334783e-07
1.808911409211244e-07
1.759314270869583e-07
1.7077778075266092e-07
1.6601514215408763e-07
1.6241622749606801e-07
1.5973502621954232e-07
1.578232441601975e-07
1.5674491350904318e-07
1.563448202229475e-07
1.5649870220401705e-07
1.569320258889444e-07
1.5721502084067484e-07
1.5731607235450632e-07
1.5739334198831948e-07
1.5775872060602925e-07
1.585216889112801e-07
1.5947192573304834e-07
1.6058203589490373e-07
1.6202163557561516e-07
1.637789898743525e-07
1.659285593861329e-07
1.688039575320175e-07
1.7273268535702255e-07
1.7762599083155453e-07
1.823912771222782e-07
1.8473158449634322e-07
1.8404095771855584e-07
1.807728248908136e-07
1.7594983864379671e-07
1.7050066948611773e-07
1.6490624452250015e-07
1.5939682201142528e-07
1.5417018473069296e-07
1.4942280476656728e-07
1.4508371501863759e-07
1.4140116628789933e-07
1.3804050389172236e-07
1.353302187166995e-07
1.3249104000725484e-07
1.3003367909253815e-07
1.276819404138798e-07
1.2539830193230402e-07
1.2301880959368367e-07
1.2059126632718422e-07
1.1803143348348903e-07
1.1545331932943901e-07
1.1278176680322458e-07
1.101624967175209e-07
1.074891555112645e-07
1.0492865682582546e-07
1.0232790239525314e-07
9.988268328283178e-08
9.738680976223102e-08
9.507967551297688e-08
9.269454637871078e-08
9.053124784616213e-08
8.825025794417178e-08
8.623055697235175e-08
8.404207668844412e-08
8.216499965576512e-08
8.00552208744525e-08
7.832105607923103e-08
7.627469693105299e-08
7.468561905606141e-08
7.268597262499865e-08
7.124609979955284e-08
6.927514349090319e-08
6.799017125814027e-08
6.602904746713426e-08
6.490544641059163e-08
6.29351860833605e-08
6.197943147575596e-08
5.99807717889109e-08
5.9200355714726194e-08
5.71499190558862e-08
5.655862655247396e-08
5.441998403550336e-08
5.404226769039738e-08
5.1767989930453553e-08
5.1598958179166114e-08
4.92194967069687e-08
4.900397760939182e-08
4.695621416995822e-08
4.562347761290526e-08
4.51071584834031e-08
4.056634056718898e-08
3.994192490220587e-08
