0.004843302607388691
0.004826785745609867
0.004710720051231744
0.0046293581950581164
0.004587875282587944
0.004564875571822016
0.004561702513106127
0.004559630506654951
0.0045627909858188265
0.004560454648314662
0.0045579037319878
0.004549325632123257
0.004539469422161693
0.004524957392184636
0.0045094396072683715
0.004490738316370881
0.004471464320968738
0.004450095976950968
0.0044284432338175025
0.004405393115680558
0.004382185837597821
0.0043579882547103805
0.004333647500839678
0.004308531215896806
0.004283217321005591
0.004257219469027892
0.004230930404535722
0.004203969313253782
0.00417660027957859
0.00414851719873684
0.004119893587015179
0.0040904741111030376
0.004060367799573976
0.004029350711449305
0.003997485854743909
0.003964563922673156
0.003930615927362711
0.0038954304870993718
0.003859019391639433
0.003821150025166908
0.0037818267487202003
0.0037407784989408432
0.003697994319107861
0.0036531949246671933
0.003606224170127338
0.0035570674058309193
0.0035048225691116557
0.0034507944623481924
0.003391733365310878
0.003331318254005626
0.0032593461722790827
0.0031806798030207784
0.003094788377228749
0.00300311630435983
0.0029147648938583387
0.0028316016655200744
0.002755855649999189
0.0026882045830985187
0.002629498131262107
0.0025800369934980507
0.002540042523903225
0.0025086960991018217
0.00248586818836158
0.0024724115665984534
0.0024684788114904322
0.002471946782134441
0.0024846380995337696
0.0025089415862637205
0.0025400609361652905
0.0025755491645279883
0.002621363819341444
0.0026791934703530498
0.002747224469318496
0.0028239179868390254
0.0029080029438046705
0.002997119235670602
0.0030939676879840872
0.003208869931120154
0.00333689262289764
0.0034652150488166437
0.003604056787594385
0.003764361175576796
0.0039370291452359325
0.004115888929681661
0.00430337296820621
0.004504197429652584
0.0047236570858720265
0.00496720103464524
0.005230440462953261
0.005492725069373941
0.005766154777496565
0.006090395633539702
0.006441661159733535
0.00678325836730854
0.007150747947818745
0.007576958192460853
0.00806314203248255
0.008586303750271305
0.009105570344423438
0.009639547638603623
0.010224554376596421
0.010859346918402728
0.011534683820518261
0.01222353057832592
0.012912984885978121
0.013590276562642504
0.014299642116588993
0.01505346943735883
0.015758984759240185
0.016400610076529324
0.017092835175113823
0.017800400261958272
0.018433636838695238
0.01899505385619253
0.019511219666928075
0.020009583512369478
0.0204540848407242
0.020753272126515038
0.020916714856298525
0.021001122595339372
0.021044828522399583
0.021021792163401096
0.02083510385795715
0.020494104065429133
0.020082943878955904
0.019621375659269767
0.01910625485266104
0.01853974804932836
0.01794172309651383
0.017351141065889825
0.016793260221946202
0.01626923760453365
0.015748460237498513
0.015205653498229093
0.014648529914610766
0.014085482677251952
0.013517429915832557
0.012938379552573967
0.012338707439444742
0.011719403600305971
0.011084022152565341
0.010431650478752821
0.009759421631872382
0.009060592061449548
0.008352067625240768
0.007664238804829946
0.006979947709926733
0.00627185687040583
0.005566529637974808
0.004891736208243085
0.004246512602250896
0.0036278295318088035
0.003032318746239249
0.0024629258200772933
0.001927228561472775
0.0014290461048085145
0.0009698857177986064
0.0005490317959557824
0.0001666765158752976
-0.00017279653334886718
-0.0004729272312610487
-0.0007460103115798088
-0.0010065718919330098
-0.0012726066165360097
-0.0015665203839380578
-0.0019206709901915086
-0.0023936278221004634
-0.0029977603968127597
-0.003509675504499
-0.0035929119559682298
-0.003191805201823375
-0.002521940993277227
-0.0018057764758832523
-0.0011557830218249755
-0.0006036056506867414
-0.00015618287213651585
0.00019084505328106313
0.000461824834002505
0.0006742716817831444
0.0008279984142267124
0.000926838061210482
0.0009799018893453298
0.0009970414884844711
0.0009890287004864422
0.0009633942466302465
0.0009280885018918321
0.0008911442580363204
0.0008560098722595382
0.0008196380093212114
0.0007934857056498615
0.0007972268605017104
0.0008185704880066116
0.0008397538070082492
0.0008684195583544095
0.000902690601527946
0.0009199112151627014
0.0009116633723282516
0.0008879685130186007
0.0008578852760460804
0.0008289351470188291
0.000804433435626171
0.0007858649862793965
0.0007814209407009707
0.0007920670441927463
0.0008059745827850866
0.0008232226833881967
0.0008537497808795979
0.0008883113992247545
0.0009138411842109392
0.0009408316721196398
0.0009789924747471356
0.001018289703457334
0.0010542323723748911
0.0010949243138791698
0.0011414811219139238
0.0011890917911394237
0.0012401967550567923
0.0012985590522882032
0.0013615527399095963
0.0014255187954397043
0.0014884975120674092
0.0015490017116657694
0.0016070634319739312
0.0016620770742215175
0.0017137202809608695
0.0017646669543293528
0.001818386035724868
0.0018776462914851001
0.00194373582943535
0.002015015472387347
0.0020912362979647776
0.0021731304295280994
0.002261116130156252
0.0023558469421991472
0.0024609971588102474
0.0025792698552112563
0.0027107752074136448
0.0028463318782076456
0.0029668252894935387
0.0030629459195233473
0.003134724061731659
0.0031862890790052
0.0032247170542323103
0.00325296511315872
0.003274259117097287
0.003290282093216195
0.003303791129812434
0.003314857310677649
0.003325354015699707
0.0033351157977973816
0.0033431955954540153
0.003355584141435985
0.0033684819839183097
0.0033810740367228457
0.0033942153367394518
0.0034075474165893562
0.0034210569369553514
0.0034346550597569472
0.003448004179834136
0.0034613283713113337
0.0034740949428737934
0.0034868418185560464
0.003498825767800233
0.003510905073086189
0.003522056337809277
0.0035335003649223594
0.003543834683101613
0.003554731774576402
0.0035642783497867618
0.003574741560290549
0.003583517474368211
0.003593676315929427
0.0036016739428038273
0.0036116779372510673
0.0036188556030299305
0.003628884147000996
0.003635154649661648
0.0036454323600440086
0.0036506455475039316
0.0036614659352893096
0.0036653797201424724
0.0036771453492342033
0.0036793724850384484
0.003692671547866738
0.0036925716852260373
0.003708338378693933
0.0037047842937974283
0.0037246507151819674
0.0037155122838981912
0.003742581157916369
0.00372360944501464
0.0037640928705481294
0.003726635549187643
0.00379309250016309
0.003719878982734272
0.0038368263874410803
0.0036956355008159027
0.003906704813042435
0.0036493327279928703
0.003929882299751747
