0.004843305384600995
0.004826289752249489
0.004709628381564387
0.004628755836107313
0.004588597098407378
0.004567079531795269
0.004564881562501761
0.004562817415551292
0.004564926443355393
0.0045605798663559865
0.004555281443882404
0.004543446320279773
0.004530028543059376
0.004511808099095558
0.004492551001461134
0.004470158650849547
0.004447294257004362
0.004422468948872766
0.00439751218714569
0.0043713213680024515
0.004345141037189799
0.004318138259244605
0.004291157577126697
0.004263562133186959
0.004235923966554234
0.0042077499337434465
0.0041794253276379876
0.004150561418424613
0.004121414175666096
0.004091669159666628
0.004061491804005709
0.0040306182664341704
0.003999150123487615
0.003966854960351692
0.003933789232066696
0.0038997352044254897
0.0038647186886577385
0.003828519735885845
0.00379114666636801
0.0037523580017390103
0.003712156396731294
0.003670262177900417
0.003626663945407496
0.0035810748430796756
0.003533340390739891
0.0034834347571469615
0.003430477563753918
0.0033757178545804297
0.003316010851926289
0.003254917548629271
0.0031822522801676794
0.0031029655584392177
0.003016629155719481
0.0029246230094719357
0.0028359153205406115
0.0027523506848062917
0.0026762016251943893
0.0026081729028083808
0.0025491749061672623
0.0024995348835731915
0.002459522717647859
0.0024283590970662285
0.0024059407461832862
0.002393086108184199
0.0023899490917832
0.002394450769900392
0.0024083402906521284
0.002433919570034329
0.0024665190589966907
0.0025037206492325836
0.0025512945929829917
0.0026108788114465042
0.002680707519448959
0.0027592644799700073
0.002845293777023309
0.0029364682493735685
0.0030354088619023683
0.003152231943398293
0.003282124665490938
0.0034124931820855775
0.0035533597533986545
0.003715502719648918
0.003889985558300498
0.004070719233283663
0.004260093364005601
0.004462766506368149
0.004683982515485959
0.004929151648561543
0.0051939511783027905
0.005457915161267582
0.005733018056781839
0.006058644426290803
0.006411231368856009
0.006754320837576266
0.0071232329037454155
0.007550636330823527
0.008037820480918355
0.008561904866233476
0.009082154060702683
0.009617053519208198
0.010202772326777307
0.010838078354942885
0.011513755606513614
0.012202823951541724
0.012892365047954199
0.013569575020919957
0.01427852357056561
0.015031490383353475
0.015735768194371093
0.016375669315122576
0.01706531572431175
0.017769310518885435
0.018397864574336245
0.018953139918903406
0.0194612851911186
0.019949260829735124
0.02038049975195565
0.020663048831640943
0.02080583312962113
0.020865092542775056
0.020878850244915977
0.020820793319419304
0.02059382743852082
0.02020677944825791
0.019743092233323423
0.01922271095285658
0.018643329838512312
0.018008292814877477
0.017339064006380914
0.016676158121266618
0.016046947294580345
0.015455556238854421
0.014875482809993264
0.014285466324192996
0.013696172521372715
0.013119122111589217
0.012558738820015061
0.012012574433135383
0.011473907560503186
0.010945176001268039
0.010430303373169431
0.009927976400062122
0.009433753396689469
0.008937657495835945
0.008451975025011263
0.008004059102069533
0.007571992696222165
0.007119490257619242
0.006668047571655882
0.006243667637561705
0.005840490365716274
0.005449557751670364
0.005060814414201641
0.004672341053408206
0.004290176878182048
0.0039156951877274
0.0035481133245039106
0.0031841021631735895
0.002824485426682939
0.002483364159097914
0.002162195209820895
0.0018469008987355812
0.001530424423184907
0.0012146034922437315
0.0009167796601132018
0.0006515856116494621
0.000399261020772936
0.0001471705567009472
-8.296794670002032e-05
-0.0002816548432662365
-0.0004637911923927517
-0.0006366546507448488
-0.000797191541790006
-0.0009391466257132154
-0.001058727892076861
-0.0011628690065114183
-0.001257052377106731
-0.0013374347266040326
-0.0014027342533857754
-0.0014580359459433116
-0.0015063967797336534
-0.0015477627051471553
-0.0015809703390079178
-0.0016053255192327632
-0.0016217934051322702
-0.001631880758432645
-0.00163699614074886
-0.001638747520122644
-0.0016391250114329162
-0.0016376864999760213
-0.0016318739067823986
-0.0016218245105964141
-0.0016101020782275134
-0.001597763180943878
-0.0015840605031048043
-0.0015689823054377307
-0.0015533359324856398
-0.0015371298393993052
-0.0015196140401449157
-0.0015007427412318131
-0.0014810476795321238
-0.0014609579216900057
-0.0014406752405274371
-0.0014198476759189624
-0.0013979534931816636
-0.0013753275464685984
-0.0013521364214804817
-0.001327511154772001
-0.0013013838031958771
-0.0012747602832637397
-0.0012471418888144502
-0.0012173742629587802
-0.0011858449459862803
-0.0011531779495604396
-0.0011187423006280845
-0.0010822188006894993
-0.0010438108226856588
-0.0010033232944991384
-0.000960232467360811
-0.000914569624974977
-0.0008662671445475602
-0.0008151876572511761
-0.000760956698512801
-0.0007035040457453714
-0.0006428253629432416
-0.0005791005558266026
-0.0005119227884319987
-0.0004410196348627811
-0.0003658020046915197
-0.00028650122640163213
-0.0002029124975797899
-0.00011502689080725322
-2.2214116168355315e-05
7.547208859878816e-05
0.00017928201947267717
0.00028976930529190644
0.00040787870881779203
0.0005309438353771353
0.0006529939434796769
0.0007681100990711369
0.000874609159776814
0.0009714940105791058
0.001061276193626754
0.001143872320632047
0.0012213138098544076
0.0012931723716416302
0.0013615448751230377
0.001425596275953795
0.0014868402756183854
0.0015449948579613067
0.0015985534214708597
0.0016613651969507863
0.0017207765267841161
0.0017762511689729922
0.0018289179060185005
0.0018787950828118264
0.001926130200610216
0.001971378079954315
0.0020142736885646996
0.0020556671039466804
0.002094884625621321
0.0021331840099989455
0.0021694393301541466
0.0022053381682921517
0.002239213607586565
0.002273280983933673
0.002305190231425472
0.002337832622494974
0.002367978603402667
0.002399440321166406
0.002427853655811933
0.0024583037975083907
0.002484923928588415
0.002514547374293117
0.0025392697349455526
0.002568320944064524
0.0025909978778868013
0.0026198295240581508
0.0026402405562816426
0.0026693304868576333
0.0026871324556308647
0.0027171292856825327
0.002731780779033843
0.0027635921574399717
0.002774222991294001
0.0028091942615472735
0.0028143487879332195
0.002854635783371914
0.002851745898451312
0.002901077052437572
0.002885434611797143
0.0029505315061868743
0.002913560288243997
0.0030063538591284275
0.002933450148586194
0.0030737813788637852
0.0029428122593678466
0.0031628930286893477
0.002945765853986068
0.0032364368186731103
