0.3510652079786925
0.34850067070787444
0.3463300876737313
0.34528511000138906
0.34419167561354247
0.3436955781134786
0.3429992771677496
0.3426271430659459
0.34206140891561454
0.341704869064261
0.34121484586830575
0.34088449208515187
0.34047865088980966
0.34020486677584894
0.33989745666643945
0.3397021620408942
0.33950060769281953
0.3393953467039168
0.3393012859553952
0.3392910652149229
0.339303412603851
0.33939021113380036
0.3395074046867512
0.339692386518162
0.3399136343165364
0.3401983535629695
0.3405242210029889
0.3409112264987619
0.34134387287621604
0.34183700006226636
0.34238025960394874
0.34298478089814965
0.3436441962861928
0.34436692281647785
0.3451497902670137
0.34599917250157375
0.34691462433534337
0.3479008815140028
0.3489600368572077
0.35009534144300686
0.3513115287155679
0.3526103073148291
0.3539992933692472
0.35547887241695525
0.35705882215466156
0.3587409973273538
0.3605314640912489
0.36244638768797205
0.36446445247206494
0.3666520439148291
0.36918322554445404
0.3719313960028847
0.37485964806452526
0.3780474767405687
0.3814127053592291
0.384944658303634
0.3885724044391843
0.3922781786370385
0.3960013720471432
0.39972320720061283
0.40339083482940086
0.40698928995971684
0.4104810217043472
0.4138511561382045
0.41705552870977036
0.4200859858801852
0.42292120889741236
0.42552357759484505
0.4278625172599772
0.4299631650360627
0.43179455453007853
0.4333116878525386
0.4344838748313635
0.43529524786378193
0.4357304599358697
0.43578405663367686
0.4354611893771102
0.43469124157663036
0.4333798913427338
0.43158188430162747
0.42930887677358764
0.4264256320046449
0.4228725102187658
0.41867024734036956
0.41380518169410463
0.4082308199830011
0.40186170772233193
0.3945915139287896
0.38628792471923573
0.3770020199627829
0.36683731164698324
0.3554283878978691
0.3424735368530053
0.3282632210853327
0.31275970685826787
0.2954944988540975
0.27607570700198114
0.2542350075227798
0.23020557179437026
0.2041266332463348
0.17555864994954282
0.14415850881269818
0.10966138409805382
0.07211337071165591
0.031636117080599074
-0.011495702694359879
-0.057369015711217254
-0.10668390291498357
-0.1589367087937015
-0.21292296067627248
-0.2693039080719899
-0.3287337673177122
-0.3901105285191093
-0.4526159902355767
-0.5158535838471968
-0.579895487538335
-0.6445922545857276
-0.7083905227673075
-0.7698414163972057
-0.8286268004442369
-0.8848494123349673
-0.9385604322337887
-0.9882411692339292
-1.0323741953178176
-1.0710675510002154
-1.1046267679827664
-1.1330518242910388
-1.1563267171851634
-1.174543485342356
-1.1882592630015971
-1.1982027335826777
-1.205050623786663
-1.2090703382926289
-1.210142716542361
-1.2083542565622083
-1.2039855835529814
-1.1973140858308566
-1.1885945982093473
-1.1779474513942996
-1.165512089525547
-1.1514925887942027
-1.1360447994650564
-1.1192994552745104
-1.1012861542309653
-1.0820582270485197
-1.0620079441555936
-1.0413916357049735
-1.0200200300632543
-0.9979226476275338
-0.9754191478542142
-0.9527024328668786
-0.929905182104631
-0.9071290637975572
-0.8844793387488626
-0.8621156889473652
-0.8401907663647555
-0.818838667984426
-0.7981587718132843
-0.7782161552064204
-0.7590637208668783
-0.7407088495413408
-0.7230893407183977
-0.7060731187295103
-0.6894348171881746
-0.6727942220194962
-0.6555235708481014
-0.6365919939243256
-0.6138025648198091
-0.5838073848051621
-0.5457442745473348
-0.5033403672456261
-0.46110735409464404
-0.42145699426347444
-0.38502559030606864
-0.3516468147557912
-0.3210123700901847
-0.29272050880762374
-0.26639846950493185
-0.24180357684848902
-0.2187233186115977
-0.1969706370949836
-0.17645333278167227
-0.15707319067966127
-0.1387201280180421
-0.12124590723318876
-0.10448023016161277
-0.08827378467117493
-0.07253388727894458
-0.05718924390479165
-0.04214624557859717
-0.027431128237060263
-0.013109233117724104
0.0008798681257259524
0.01451049145900004
0.027559496588132525
0.03985363484145934
0.05140352614149244
0.062306680929650145
0.07270777865064187
0.08274810119454717
0.09251115522723821
0.10204634968997381
0.11135501410944591
0.12037430844305327
0.12907525017926394
0.13748039975212548
0.14555313634147005
0.15323616652291247
0.16057615432306138
0.16762372062396608
0.17434182568320183
0.1807183748228493
0.1868102243135554
0.192638469597197
0.19819528256146376
0.20350092438330422
0.20857860280150503
0.21340288327640308
0.21793882353598512
0.22215602520184957
0.22603023466645847
0.22954867990031189
0.2327192400678842
0.23555763532640722
0.238108558319648
0.24040120775695303
0.24245278538531773
0.2442556258626709
0.2457983506435002
0.24706274977259385
0.2480521762565583
0.2487453043068036
0.2491416602720247
0.24922168003851794
0.24897595361693445
0.24833856134497082
0.24727818177114538
0.24573838626307987
0.24383412885997524
0.2416971864453675
0.2394806889056445
0.23725079271161015
0.23508078220355083
0.2329546627873006
0.23093328762999346
0.2289733837368741
0.2271324748187428
0.2253448030351742
0.22368107814470695
0.22206080768150663
0.22055184871160757
0.21887497802417133
0.2172581744266368
0.21575711589093627
0.21431991246562782
0.21298091446757725
0.21169513694835262
0.2104950721077088
0.2093366946346027
0.20825700185680474
0.20720779666308672
0.20623479021247645
0.20528059252093983
0.2044038826301967
0.20353275016656422
0.20274403974007854
0.20194507335962553
0.2012376087582412
0.20050029251390938
0.19986875839512966
0.19918252987916624
0.1986231882621516
0.1979770359847854
0.19748802118362963
0.1968699943489657
0.19645176154138413
0.19584831572377295
0.1955042950997397
0.19489938919833658
0.1946369492751058
0.19401075215835129
0.1938426725985595
0.19316958739571632
0.19311647788148678
0.19236181299619817
0.1924565053325245
0.19157018998157227
0.19186655205761113
0.19077011158192822
0.1913619558705933
0.18992016676248197
0.19098269395150103
0.18894171482834776
0.19082042752130418
0.18767794518036177
0.19106829410012072
0.18581193185672548
0.1921559129993628
0.18244691228359777
0.19600993791995927
