0.36861787516452443
0.366052644905181
0.36390366248797945
0.3628898127261871
0.361827646816345
0.36135304970939586
0.36066517974710277
0.3602875842287374
0.35970671653290076
0.35932755470923916
0.35881193004882395
0.3584540552049588
0.3580215521345034
0.3577217809806768
0.35739057167174104
0.357172955837013
0.3569514269037556
0.35682775117791116
0.35671739486230614
0.3566923007892812
0.3566915893328547
0.35676656878606156
0.3568734670735477
0.3570492125027514
0.357262488040902
0.3575401228217871
0.3578599397118339
0.35824162142444016
0.3586697739625632
0.35915898314355016
0.3596989738722907
0.3603006617915521
0.3609577341034475
0.36167841808518614
0.3624595916034169
0.36330744974246587
0.3642215997164922
0.3652065915804782
0.3662645880422949
0.3673986250365188
0.3686135353578351
0.3699107659673299
0.37129806688551015
0.37277549479224653
0.3743530066229343
0.37603199328081677
0.3778188915314802
0.37972881006469217
0.38174200028745336
0.3839218011356969
0.38644299766066553
0.3891795173917377
0.39209238958806436
0.3952603603236394
0.3986016625265616
0.4021073424540595
0.4057072681638521
0.4093851955297965
0.41308133493601074
0.4167780165534075
0.42042308527616845
0.4240020935685121
0.4274775496311595
0.4308347922824622
0.4340300842368789
0.43705486868895116
0.43988735107054855
0.4424907953039424
0.44483440668685253
0.44694145384448386
0.44878111066704507
0.4503092267661764
0.45149502206089154
0.45232222728359506
0.45277494261104806
0.45284692665561865
0.4525423068043148
0.45179176873848564
0.45050222573079635
0.4487259550235024
0.4464736983857872
0.44361232819138857
0.4400822052165159
0.43590269025990697
0.4310595382375722
0.42550621372700004
0.41915765751326706
0.4119081281580443
0.4036258996923133
0.3943602113108454
0.3842129384437948
0.37282179649745995
0.35988623234265243
0.3456929250228424
0.33020373371624634
0.3129525490769772
0.2935485667208298
0.27172330519573484
0.2477074446214077
0.22163900538440687
0.19308014544468885
0.16168869399993874
0.12720025654132133
0.08966033832523392
0.04918983497336916
0.006062649780156408
-0.03980769129130533
-0.0891190419909008
-0.14136883531774766
-0.1953549405563856
-0.251736460484319
-0.3111648474438366
-0.3725398890976944
-0.4350442526757639
-0.4982812884780955
-0.5623213270812613
-0.6270132486398684
-0.6908069603003514
-0.7522584817583898
-0.8110498353103134
-0.8672808515425715
-0.9209982863920461
-0.9706948727778221
-1.0148741178285665
-1.0536528150790334
-1.0873415893615284
-1.1159536727985133
-1.1394931953849095
-1.1580728077948537
-1.1722574666829138
-1.1827681247604744
-1.190260063885514
-1.1949892744855037
-1.196845590912195
-1.1959088984800468
-1.1924323584320862
-1.1866565884688443
-1.1787957790995642
-1.1689380876148567
-1.1571872947104904
-1.1437091024253498
-1.1286263030899613
-1.112039817204565
-1.093954474391833
-1.0743797561614161
-1.0536680146758368
-1.0320813375916058
-1.0093790846143242
-0.9854999036924998
-0.9607527470147015
-0.9353176235236668
-0.9092883635803758
-0.8826964066675894
-0.8555399889512418
-0.8278947924518244
-0.7998564412752955
-0.7715094166752866
-0.7429424296325151
-0.7142019527260363
-0.6854090480731448
-0.6567445030665598
-0.6282816596768833
-0.6000414836961161
-0.5720449223883259
-0.5443322943653671
-0.5170701320973515
-0.4904006309719392
-0.4643124450685128
-0.438826607820361
-0.41406059850655985
-0.39008977769040415
-0.3669172051182627
-0.34453759639726395
-0.3229475602958713
-0.30217159829706985
-0.2822420113598206
-0.2631514476651767
-0.2448640944475191
-0.22736483847241226
-0.21064982482775013
-0.1946950446796673
-0.17946240680750877
-0.1649131145679205
-0.15101217687123553
-0.1377320241400161
-0.12504486007101787
-0.11292444576060702
-0.10134194132960934
-0.09026607612625488
-0.07966045375583938
-0.0694760729420661
-0.05968648546880853
-0.05028636225553982
-0.04124951074765241
-0.03253802714829688
-0.02413135335567055
-0.016014863494377547
-0.008161038236032557
-0.0005465526847188636
0.006843227454064393
0.014023570511876457
0.021004284443064774
0.02779841575431118
0.034427330543546415
0.04090390365808228
0.04722853633656679
0.05341684687694603
0.059486188643101526
0.06543449060337779
0.07126080326794086
0.07698477733603563
0.0826127760695408
0.08813973916333341
0.09356761789971907
0.09890666834549469
0.10415433147941373
0.10931060829984156
0.11437719548893052
0.11935594926713242
0.12424082378801954
0.12903264628358124
0.13372493138254954
0.1383182439300985
0.14280323374046355
0.1471779137463065
0.15143066483473633
0.1555622564190424
0.1595585125707744
0.16341933258304403
0.16712432893103646
0.1706736381988096
0.1740445421408513
0.17723862629699075
0.1802269143864088
0.18301249235122688
0.18555608015908567
0.18785858852363926
0.18986957162548831
0.1916109600342275
0.19307246073703696
0.19432322667072455
0.19535890903673567
0.19625549388735747
0.19698179170435473
0.1976182463150607
0.19811168294235926
0.1985507239936138
0.19886111157402359
0.19914282936877542
0.1993088521465981
0.19945448358080967
0.19956376210921992
0.19956142557369447
0.1995306884432147
0.19941909453231899
0.1992917316599425
0.19909890577791264
0.19890320552445678
0.1986507961973191
0.19840944388944112
0.19811547833723953
0.197847911191415
0.19752676155105095
0.19724876515679501
0.19691062634378206
0.19663454441246056
0.19628511982055813
0.19601995928551913
0.19566053077230383
0.19541318407287164
0.1950416328860977
0.1948186467876929
0.19443018814029928
0.1942391424007301
0.1938262547017553
0.1936767935046074
0.19322848755523753
0.1931333901893495
0.1926339765049546
0.1926106105738094
0.19203791928815622
0.19211038421125018
0.19143314313847756
0.1916355665348342
0.1908092461700502
0.19119123012791767
0.19015078906827074
0.1907873111808371
0.1894333205460963
0.19044413458583787
0.18861496408346523
0.1902032074497878
0.18762025704748675
0.19014513003733646
0.18631333346202156
0.19041191164301371
0.1844485162788924
0.19127819326026022
0.18128210658115093
0.19419748543072268
