 0.000000000 0.000000000
 8.179353550E-03 0.000000000
 1.635867916E-02 0.000000000
 2.453809045E-02 0.000000000
 3.271736950E-02 0.000000000
 4.089676961E-02 0.000000000
 4.907618091E-02 0.000000000
 5.725545064E-02 0.000000000
 6.543485820E-02 0.000000000
 7.361414284E-02 0.000000000
 8.179354668E-02 0.000000000
 8.997295052E-02 0.000000000
 9.815222770E-02 0.000000000
 1.063316017E-01 0.000000000
 1.145109013E-01 0.000000000
 1.226902977E-01 0.000000000
 1.308691949E-01 0.000000000
 1.390486062E-01 0.000000000
 1.472280025E-01 0.000000000
 1.554073989E-01 0.000000000
 1.635867953E-01 0.000000000
 1.717662066E-01 0.000000000
 1.799456030E-01 0.000000000
 1.881249994E-01 0.000000000
 1.963045001E-01 0.000000000
 2.044838965E-01 0.000000000
 2.126632929E-01 0.000000000
 2.208427042E-01 0.000000000
 2.290221006E-01 0.000000000
 2.372014970E-01 0.000000000
 2.453808933E-01 0.000000000
 2.535603046E-01 0.000000000
 2.617397010E-01 0.000000000
 2.699190974E-01 0.000000000
 2.780984938E-01 0.000000000
 2.862778902E-01 0.000000000
 2.944572866E-01 0.000000000
 3.026367128E-01 0.000000000
 3.108161092E-01 0.000000000
 3.189955056E-01 0.000000000
 3.271749020E-01 0.000000000
 3.353531063E-01 0.000000000
 3.435325027E-01 0.000000000
 3.517118990E-01 0.000000000
 3.598912954E-01 0.000000000
 3.680706918E-01 0.000000000
 3.762500882E-01 0.000000000
 3.844295144E-01 0.000000000
 3.926089108E-01 0.000000000
 4.007883072E-01 0.000000000
 4.089677036E-01 0.000000000
 4.171471000E-01 0.000000000
 4.253264964E-01 0.000000000
 4.335058928E-01 0.000000000
 4.416852891E-01 0.000000000
 4.498646855E-01 0.000000000
 4.580441117E-01 0.000000000
 4.662235975E-01 0.000000000
 4.744029939E-01 0.000000000
 4.825823903E-01 0.000000000
 4.907617867E-01 0.000000000
 4.989412129E-01 0.000000000
 5.071204901E-01 0.000000000
 5.152999759E-01 0.000000000
 5.234794021E-01 0.000000000
 5.316588283E-01 0.000000000
 5.398381948E-01 0.000000000
 5.480176210E-01 0.000000000
 5.561969876E-01 0.000000000
 5.643764138E-01 0.000000000
 5.725545287E-01 0.000000000
 5.807340145E-01 0.000000000
 5.889133811E-01 0.000000000
 5.970926881E-01 0.000000000
 6.052721739E-01 0.000000000
 6.134516001E-01 0.000000000
 6.216310263E-01 0.000000000
 6.298103929E-01 0.000000000
 6.379898190E-01 0.000000000
 6.461691856E-01 0.000000000
 6.543486118E-01 0.000000000
 6.625279784E-01 0.000000000
 6.707074046E-01 0.000000000
 6.788867712E-01 0.000000000
 6.870661974E-01 0.000000000
 6.952456236E-01 0.000000000
 7.034249902E-01 0.000000000
 7.116044164E-01 0.000000000
 7.197837830E-01 0.000000000
 7.279620171E-01 0.000000000
 7.361413836E-01 0.000000000
 7.443208098E-01 0.000000000
 7.525001764E-01 0.000000000
 7.606796026E-01 0.000000000
 7.688590288E-01 0.000000000
 7.770383954E-01 0.000000000
 7.852178216E-01 0.000000000
 7.933971882E-01 0.000000000
 8.015766144E-01 0.000000000
 8.097559810E-01 0.000000000
 8.179355264E-01 0.000000000
 8.261147738E-01 0.000000000
 8.342943192E-01 0.000000000
 8.424736261E-01 0.000000000
 8.506531119E-01 0.000000000
 8.588324785E-01 0.000000000
 8.670117855E-01 0.000000000
 8.751912713E-01 0.000000000
 8.833693862E-01 0.000000000
 8.915488124E-01 0.000000000
 8.997281790E-01 0.000000000
 9.079077244E-01 0.000000000
 9.160869718E-01 0.000000000
 9.242665172E-01 0.000000000
 9.324458241E-01 0.000000000
 9.406253099E-01 0.000000000
 9.488046765E-01 0.000000000
 9.569839835E-01 0.000000000
 9.651635289E-01 0.000000000
 9.733428955E-01 0.000000000
 9.815223217E-01 0.000000000
 9.897016883E-01 0.000000000
 9.978811145E-01 0.000000000
 1.006060004 0.000000000
 1.014240026 0.000000000
 1.022418976 0.000000000
 1.030598998 0.000000000
 1.038777947 0.000000000
 1.046955943 0.000000000
 1.055135965 0.000000000
 1.063315034 0.000000000
 1.071493983 0.000000000
 1.079674006 0.000000000
 1.087852955 0.000000000
 1.096032977 0.000000000
 1.104212046 0.000000000
 1.112390995 0.000000000
 1.120571017 0.000000000
 1.128749967 0.000000000
 1.136929989 0.000000000
 1.145109057 0.000000000
 1.153288007 0.000000000
 1.161468029 0.000000000
 1.169646978 0.000000000
 1.177827001 0.000000000
 1.186005950 0.000000000
 1.194185019 0.000000000
 1.202365041 0.000000000
 1.210543036 0.000000000
 1.218721986 0.000000000
 1.226902008 0.000000000
 1.235080957 0.000000000
 1.243260980 0.000000000
 1.251440048 0.000000000
 1.259621024 0.000000000
 1.267801046 0.000000000
 1.275982022 0.000000000
 1.284162998 0.000000000
 1.292330980 0.000000000
 1.300511003 0.000000000
 1.308691978 0.000000000
 1.316872954 0.000000000
 1.325052977 0.000000000
 1.333233953 0.000000000
 1.341415048 0.000000000
 1.349596024 0.000000000
 1.357776046 0.000000000
 1.365957022 0.000000000
 1.374125004 0.000000000
 1.382305980 0.000000000
 1.390486002 0.000000000
 1.398666978 0.000000000
 1.406847954 0.000000000
 1.415027976 0.000000000
 1.423208952 0.000000000
 1.431390047 0.000000000
 1.439569950 0.000000000
 1.447738051 0.000000000
 1.455919027 0.000000000
 1.464100003 0.000000000
 1.472280025 0.000000000
 1.480461001 0.000000000
 1.488641977 0.000000000
 1.496822000 0.000000000
 1.505002975 0.000000000
 1.513183951 0.000000000
 1.521363974 0.000000000
 1.529531956 0.000000000
 1.537713051 0.000000000
 1.545894027 0.000000000
 1.554074049 0.000000000
 1.562255025 0.000000000
 1.570436001 0.000000000
 1.578616023 0.000000000
 1.586796999 0.000000000
 1.594977975 0.000000000
 1.603157997 0.000000000
 1.611325979 0.000000000
 1.619506955 0.000000000
 1.627688050 0.000000000
 1.635867953 0.000000000
 1.644049048 0.000000000
 1.652230024 0.000000000
 1.660410047 0.000000000
 1.668591022 0.000000000
 1.676771998 0.000000000
 1.684939981 0.000000000
 1.693120003 0.000000000
 1.701300979 0.000000000
 1.709481955 0.000000000
 1.717661977 0.000000000
 1.725842953 0.000000000
 1.734024048 0.000000000
 1.742203951 0.000000000
 1.750385046 0.000000000
 1.758553028 0.000000000
 1.766734004 0.000000000
 1.774914980 0.000000000
 1.783095002 0.000000000
 1.791275978 0.000000000
 1.799456000 0.000000000
 1.807636976 0.000000000
 1.815817952 0.000000000
 1.823997974 0.000000000
 1.832178950 0.000000000
 1.840347052 2.220446049E-16
 1.848528028 -8.881784197E-16
 1.856709003 -7.549517414E-15
 1.864889026 4.440892099E-14
 1.873070002 3.956835131E-13
 1.881250978 -2.321808978E-12
 1.889431000 -2.045241927E-11
 1.897611976 1.210938017E-10
 1.905791998 1.056985055E-09
 1.913961053 -6.255274076E-09
 1.922140956 2.533278973E-07
 1.930322051 1.294652975E-06
 1.938503027 3.264754923E-06
 1.946683049 6.304856925E-06
 1.954864025 1.055359007E-05
 1.963045001 1.614967914E-05
 1.971225023 2.323187073E-05
 1.979405999 3.193895827E-05
 1.987586021 4.240986891E-05
 1.995754957 5.477161903E-05
 2.003935099 6.922170724E-05
 2.012115955 8.590309881E-05
 2.020297050 1.049763014E-04
 2.028476954 1.266017061E-04
 2.036658049 1.509400026E-04
 2.044838905 1.781515020E-04
 2.053019047 2.083966974E-04
 2.061199903 2.418359072E-04
 2.069380999 2.786277037E-04
 2.077548981 3.188654955E-04
 2.085728884 3.628309933E-04
 2.093909979 4.106232082E-04
 2.102091074 4.624000867E-04
 2.110270977 5.183200119E-04
 2.118452072 5.785409012E-04
 2.126632929 6.432210212E-04
 2.134813070 7.125203265E-04
 2.142993927 7.866013912E-04
 2.151175022 8.656270220E-04
 2.159354925 9.497599094E-04
 2.167522907 1.039020950E-03
 2.175704002 1.133847982E-03
 2.183885098 1.234270050E-03
 2.192065001 1.340450021E-03
 2.200246096 1.452547032E-03
 2.208426952 1.570702996E-03
 2.216607094 1.695057959E-03
 2.224787951 1.825748011E-03
 2.232969046 1.962912036E-03
 2.241148949 2.106687985E-03
 2.249316931 2.256975975E-03
 2.257498026 2.414378105E-03
 2.265678883 2.578804968E-03
 2.273859978 2.750416985E-03
 2.282040119 2.929392038E-03
 2.290220976 3.115911037E-03
 2.298401117 3.310154891E-03
 2.306581974 3.512304975E-03
 2.314763069 3.722541034E-03
 2.322942972 3.941044211E-03
 2.331124067 4.167994019E-03
 2.339292049 4.403193016E-03
 2.347472906 4.647489171E-03
 2.355654001 4.900640808E-03
 2.363833904 5.162762944E-03
 2.372014999 5.433970131E-03
 2.380194902 5.714375060E-03
 2.388375998 6.004091818E-03
 2.396557093 6.303235888E-03
 2.404736996 6.611924153E-03
 2.412918091 6.930322852E-03
 2.421086073 7.258138154E-03
 2.429266930 7.596595213E-03
 2.437448025 7.945415564E-03
 2.445627928 8.304820396E-03
 2.453809023 8.675023913E-03
 2.461988926 9.056246839E-03
 2.470170021 9.448708035E-03
 2.478351116 9.852585383E-03
 2.486531019 1.026794035E-02
 2.494712114 1.069478970E-02
 2.502892971 1.113316976E-02
 2.511060953 1.158240996E-02
 2.519242048 1.204392035E-02
 2.527421951 1.251703966E-02
 2.535603046 1.300180983E-02
 2.543782949 1.349825040E-02
 2.551964045 1.400652993E-02
 2.560144901 1.452689990E-02
 2.568325996 1.505959034E-02
 2.576505899 1.560486015E-02
 2.584686995 1.616293937E-02
 2.592854977 1.673321053E-02
 2.601036072 1.731766015E-02
 2.609215975 1.791567914E-02
 2.617397070 1.852747053E-02
 2.625577927 1.915315911E-02
 2.633758068 1.979286969E-02
 2.641938925 2.044669911E-02
 2.650120020 2.111475915E-02
 2.658299923 2.179717086E-02
 2.666481018 2.249404043E-02
 2.674662113 2.320547961E-02
 2.682830095 2.393046953E-02
 2.691009998 2.467134967E-02
 2.699191093 2.542709932E-02
 2.707371950 2.619783953E-02
 2.715552092 2.698365040E-02
 2.723732948 2.778463066E-02
 2.731914043 2.860086970E-02
 2.740093946 2.943249047E-02
 2.748275042 3.027956933E-02
 2.756455898 3.114219941E-02
 2.764624119 3.201907128E-02
 2.772804022 3.291295096E-02
 2.780985117 3.382255882E-02
 2.789165974 3.474793956E-02
 2.797346115 3.568917140E-02
 2.805526972 3.664629906E-02
 2.813708067 3.761937097E-02
 2.821887970 3.860849887E-02
 2.830069065 3.961392120E-02
 2.838249922 4.063595086E-02
 2.846417904 4.167329893E-02
 2.854598999 4.272948951E-02
 2.862778902 4.380324110E-02
 2.870959997 4.489488155E-02
 2.879139900 4.600472003E-02
 2.887320995 4.713308066E-02
 2.895502090 4.828004912E-02
 2.903681993 4.944548011E-02
 2.911863089 5.062919855E-02
 2.920043945 5.183102936E-02
 2.928224087 5.305080861E-02
 2.936393023 5.428645015E-02
 2.944572926 5.554157123E-02
 2.952754021 5.681413040E-02
 2.960933924 5.810404941E-02
 2.969115019 5.941163003E-02
 2.977296114 6.073724106E-02
 2.985476017 6.208122894E-02
 2.993657112 6.344397366E-02
 3.001837969 6.482583284E-02
 3.010018110 6.622718275E-02
 3.018187046 6.764618307E-02
 3.026366949 6.908752769E-02
 3.034548044 7.054915279E-02
 3.042727947 7.203093916E-02
 3.050909042 7.353281230E-02
 3.059089899 7.505468279E-02
 3.067270994 7.659644634E-02
 3.075450897 7.815804332E-02
 3.083631992 7.973934710E-02
 3.091811895 8.134028316E-02
 3.099992990 8.296082914E-02
 3.108160973 8.459849656E-02
 3.116342068 8.625839651E-02
 3.124521971 8.793810755E-02
 3.132703066 8.963768184E-02
 3.140883923 9.135718644E-02
 3.149065018 9.309668839E-02
 3.157244921 9.485626221E-02
 3.165426016 9.663598239E-02
 3.173605919 9.843599051E-02
 3.181787014 1.002563983E-01
 3.189954996 1.020945981E-01
 3.198136091 1.039562002E-01
 3.206315994 1.058387980E-01
 3.214497089 1.077423021E-01
 3.222677946 1.096668988E-01
 3.230859041 1.116129011E-01
 3.239038944 1.135801971E-01
 3.247220039 1.155690029E-01
 3.255400896 1.175794974E-01
 3.263581038 1.196117029E-01
 3.271761894 1.216657981E-01
 3.279930115 1.237386018E-01
 3.288110971 1.258367002E-01
 3.296291113 1.279570013E-01
 3.304471970 1.300994009E-01
 3.312653065 1.322634965E-01
 3.320832968 1.344490051E-01
 3.329014063 1.366555989E-01
 3.337194920 1.388829052E-01
 3.345375061 1.411308050E-01
 3.353555918 1.433987021E-01
 3.361723900 1.456829011E-01
 3.369904995 1.479904950E-01
 3.378084898 1.503185034E-01
 3.386265993 1.526674926E-01
 3.394447088 1.550381035E-01
 3.402626991 1.574307978E-01
 3.410808086 1.598462015E-01
 3.418988943 1.622848958E-01
 3.427169085 1.647475064E-01
 3.435349941 1.672340930E-01
 3.443531036 1.697441936E-01
 3.451699018 1.722732931E-01
 3.459878922 1.748284996E-01
 3.468060017 1.774052978E-01
 3.476241112 1.800030023E-01
 3.484421015 1.826210022E-01
 3.492602110 1.852587014E-01
 3.500782967 1.879156977E-01
 3.508963108 1.905921996E-01
 3.517143965 1.932888031E-01
 3.525325060 1.960058063E-01
 3.533493042 1.987394989E-01
 3.541672945 2.014987022E-01
 3.549854040 2.042794973E-01
 3.558034897 2.070824057E-01
 3.566215992 2.099078000E-01
 3.574395895 2.127556056E-01
 3.582576990 2.156258970E-01
 3.590756893 2.185184956E-01
 3.598937988 2.214334011E-01
 3.607119083 2.243705988E-01
 3.615287066 2.273253947E-01
 3.623466969 2.303071022E-01
 3.631648064 2.333108038E-01
 3.639828920 2.363360971E-01
 3.648010015 2.393822074E-01
 3.656189919 2.424484044E-01
 3.664371014 2.455337048E-01
 3.672550917 2.486376017E-01
 3.680732012 2.517591119E-01
 3.688913107 2.548975050E-01
 3.697093010 2.580522001E-01
 3.705260992 2.612183094E-01
 3.713442087 2.644053102E-01
 3.721622944 2.676086128E-01
 3.729804039 2.708278894E-01
 3.737983942 2.740632892E-01
 3.746165037 2.773148119E-01
 3.754344940 2.805821896E-01
 3.762526035 2.838656902E-01
 3.770706892 2.871648073E-01
 3.778887987 2.904792130E-01
 3.787055016 2.938033938E-01
 3.795236111 2.971470952E-01
 3.803416967 3.005048931E-01
 3.811598063 3.038764000E-01
 3.819777966 3.072611988E-01
 3.827959061 3.106588125E-01
 3.836138964 3.140684068E-01
 3.844320059 3.174893856E-01
 3.852500916 3.209210932E-01
 3.860682011 3.243626058E-01
 3.868861914 3.278133869E-01
 3.877029896 3.312672079E-01
 3.885210991 3.347341120E-01
 3.893392086 3.382079005E-01
 3.901571989 3.416880965E-01
 3.909753084 3.451736867E-01
 3.917932987 3.486641049E-01
 3.926114082 3.521584868E-01
 3.934294939 3.556562960E-01
 3.942476034 3.591566086E-01
 3.950655937 3.626587093E-01
 3.958823919 3.661569059E-01
 3.967005014 3.696615100E-01
 3.975186110 3.731670976E-01
 3.983366013 3.766734004E-01
 3.991547108 3.801800907E-01
 3.999727964 3.836869895E-01
 4.007907867 3.871938884E-01
 4.016088963 3.907003999E-01
 4.024270058 3.942053914E-01
 4.032450199 3.977077901E-01
 4.040617943 4.012008905E-01
 4.048799038 4.046944082E-01
 4.056980133 4.081816971E-01
 4.065159798 4.116615951E-01
 4.073340893 4.151327908E-01
 4.081521988 4.185943902E-01
 4.089702129 4.220460057E-01
 4.097883224 4.254877865E-01
 4.106063843 4.289194942E-01
 4.114232063 4.323362112E-01
 4.122412205 4.357481897E-01
 4.130592823 4.391502142E-01
 4.138773918 4.425424933E-01
 4.146955013 4.459244907E-01
 4.155135155 4.492954016E-01
 4.163315773 4.526542127E-01
 4.171495914 4.560000002E-01
 4.179665089 4.593265951E-01
 4.187845230 4.626432955E-01
 4.196025848 4.659439921E-01
 4.204205990 4.692277908E-01
 4.212387085 4.724937975E-01
 4.220568180 4.757417142E-01
 4.228735924 4.789660871E-01
 4.236917019 4.821763039E-01
 4.245071888 4.853571057E-01
 4.253228188 4.885180891E-01
 4.261383057 4.916586876E-01
 4.269526005 4.947735965E-01
 4.277657032 4.978624880E-01
 4.285774231 5.009254217E-01
 4.293879986 5.039619803E-01
 4.301971912 5.069720745E-01
 4.310039997 5.099511147E-01
 4.318108082 5.129079223E-01
 4.326137066 5.158287287E-01
 4.334167004 5.187270045E-01
 4.342172146 5.215935111E-01
 4.350152016 5.244277716E-01
 4.358106136 5.272291899E-01
 4.366034985 5.299975276E-01
 4.373951912 5.327365994E-01
 4.381844044 5.354415774E-01
 4.389698029 5.381079912E-01
 4.397539139 5.407438278E-01
 4.405343056 5.433403254E-01
 4.413121223 5.459017754E-01
 4.420875072 5.484285951E-01
 4.428589821 5.509166718E-01
 4.436281204 5.533702970E-01
 4.443945885 5.557895899E-01
 4.451573849 5.581709743E-01
 4.459164143 5.605146289E-01
 4.466729164 5.628246069E-01
 4.474268913 5.651012063E-01
 4.481758118 5.673372149E-01
 4.489234924 5.695440769E-01
 4.496662140 5.717111826E-01
 4.504051208 5.738425851E-01
 4.511415005 5.759422779E-01
 4.518741131 5.780069232E-01
 4.526041985 5.800402164E-01
 4.533292770 5.820357800E-01
 4.540517807 5.840005875E-01
 4.547706127 5.859311819E-01
 4.554855824 5.878279209E-01
 4.561968803 5.896906257E-01
 4.569044113 5.915194750E-01
 4.576080799 5.933148861E-01
 4.583093166 5.950797796E-01
 4.590054989 5.968081951E-01
 4.596991062 5.985063910E-01
 4.603889942 6.001716256E-01
 4.610752106 6.018040776E-01
 4.617575169 6.034045219E-01
 4.624361038 6.049731970E-01
 4.631121159 6.065136194E-01
 4.637832165 6.080204844E-01
 4.644516945 6.094998717E-01
 4.651165009 6.109495759E-01
 4.657773972 6.123697758E-01
 4.664359093 6.137638092E-01
 4.670894146 6.151267290E-01
 4.677402973 6.164640188E-01
 4.683875084 6.177737117E-01
 4.690309048 6.190562248E-01
 4.696716785 6.203141809E-01
 4.703089237 6.215456128E-01
 4.709422112 6.227509975E-01
 4.715717793 6.239305735E-01
 4.721988201 6.250872016E-01
 4.728233814 6.262211204E-01
 4.734428883 6.273279786E-01
 4.740599155 6.284129024E-01
 4.746744156 6.294760704E-01
 4.752851009 6.305155754E-01
 4.758921146 6.315318942E-01
 4.764965057 6.325274110E-01
 4.770971775 6.335002780E-01
 4.776953220 6.344531178E-01
 4.782909870 6.353858709E-01
 4.788827896 6.362972260E-01
 4.794710159 6.371871233E-01
 4.800578117 6.380599141E-01
 4.806408882 6.389120817E-01
 4.812201977 6.397439837E-01
 4.817969799 6.405578256E-01
 4.823711872 6.413537860E-01
 4.829430103 6.421322823E-01
 4.835110188 6.428918839E-01
 4.840776920 6.436364055E-01
 4.846406937 6.443626285E-01
 4.852012157 6.450725198E-01
 4.857579231 6.457648277E-01
 4.863132954 6.464428902E-01
 4.868649006 6.471040845E-01
 4.874141216 6.477500796E-01
 4.879620075 6.483827233E-01
 4.885060787 6.489992142E-01
 4.890477180 6.496012211E-01
 4.895867825 6.501891017E-01
 4.901234150 6.507629752E-01
 4.906587124 6.513246298E-01
 4.911902905 6.518713832E-01
 4.917192936 6.524050236E-01
 4.922459126 6.529254913E-01
 4.927711010 6.534345150E-01
 4.932939053 6.539309025E-01
 4.938127995 6.544138193E-01
 4.943305969 6.548855901E-01
 4.948458195 6.553454995E-01
 4.953598022 6.557946205E-01
 4.958700180 6.562309265E-01
 4.963788986 6.566568017E-01
 4.968852997 6.570712924E-01
 4.973905087 6.574754715E-01
 4.978919029 6.578677297E-01
 4.983920097 6.582499146E-01
 4.988908768 6.586220860E-01
 4.993859768 6.589828134E-01
 4.998798847 6.593338847E-01
 5.003725052 6.596754193E-01
 5.008625984 6.600065827E-01
 5.013501167 6.603276730E-01
 5.018363953 6.606395841E-01
 5.023201942 6.609417200E-01
 5.028028011 6.612349153E-01
 5.032827854 6.615185142E-01
 5.037602901 6.617925763E-01
 5.042378902 6.620588899E-01
 5.047115803 6.623154283E-01
 5.051854134 6.625642180E-01
 5.056566238 6.628040075E-01
 5.061253071 6.630352139E-01
 5.065927982 6.632583141E-01
 5.070590019 6.634734273E-01
 5.075226784 6.636801958E-01
 5.079851151 6.638792753E-01
 5.084451199 6.640701890E-01
 5.089049816 6.642541885E-01
 5.093624115 6.644303203E-01
 5.098173141 6.645985842E-01
 5.102722168 6.647601128E-01
 5.107245922 6.649140716E-01
 5.111756802 6.650609970E-01
 5.116242886 6.652005911E-01
 5.120728970 6.653336883E-01
 5.125191212 6.654596925E-01
 5.129639149 6.655790210E-01
 5.134061813 6.656914949E-01
 5.138485909 6.657977104E-01
 5.142883778 6.658973098E-01
 5.147282124 6.659908295E-01
 5.151655197 6.660776734E-01
 5.156015873 6.661584973E-01
 5.160364151 6.662331820E-01
 5.164687157 6.663017273E-01
 5.169009209 6.663643718E-01
 5.173318863 6.664211750E-01
 5.177605152 6.664720774E-01
 5.181877136 6.665171981E-01
 5.186150074 6.665567756E-01
 5.190396786 6.665905714E-01
 5.194632053 6.666188240E-01
 5.198866844 6.666417122E-01
 5.203075886 6.666591167E-01
 5.207273006 6.666709781E-01
 5.211458206 6.666777134E-01
 5.215642929 6.666792035E-01
 5.219801903 6.666753888E-01
 5.223948956 6.666666269E-01
 5.228096008 6.666526794E-01
 5.232217789 6.666337848E-01
 5.236340046 6.666098833E-01
 5.240447998 6.665810943E-01
 5.244533062 6.665474772E-01
 5.248617172 6.665092111E-01
 5.252687931 6.664661169E-01
 5.256746769 6.664183140E-01
 5.260794163 6.663659215E-01
 5.264826775 6.663091183E-01
 5.268860817 6.662474871E-01
 5.272870064 6.661816835E-01
 5.276877880 6.661112905E-01
 5.280873775 6.660366058E-01
 5.284858227 6.659576297E-01
 5.288828850 6.658744216E-01
 5.292799950 6.657868028E-01
 5.296758175 6.656950712E-01
 5.300692081 6.655995250E-01
 5.304636955 6.654993892E-01
 5.308557987 6.653956175E-01
 5.312466145 6.652879119E-01
 5.316373825 6.651759148E-01
 5.320270061 6.650599837E-01
 5.324152946 6.649404764E-01
 5.328035831 6.648166776E-01
 5.331905842 6.646891832E-01
 5.335763931 6.645581722E-01
 5.339609146 6.644234061E-01
 5.343454838 6.642845869E-01
 5.347287178 6.641423702E-01
 5.351108074 6.639965773E-01
 5.354928017 6.638469100E-01
 5.358735085 6.636937261E-01
 5.362530231 6.635370851E-01
 5.366324902 6.633766890E-01
 5.370094776 6.632136106E-01
 5.373878002 6.630461216E-01
 5.377635002 6.628760099E-01
 5.381392002 6.627020240E-01
 5.385137081 6.625249982E-01
 5.388882160 6.623442173E-01
 5.392613888 6.621602774E-01
 5.396346092 6.619727015E-01
 5.400065899 6.617820263E-01
 5.403772831 6.615883708E-01
 5.407466888 6.613919139E-01
 5.411161900 6.611915827E-01
 5.414855957 6.609879136E-01
 5.418538094 6.607812047E-01
 5.422207832 6.605718136E-01
 5.425877094 6.603587270E-01
 5.429533958 6.601428986E-01
 5.433177948 6.599243283E-01
 5.436834812 6.597015262E-01
 5.440465927 6.594768167E-01
 5.444097996 6.592485905E-01
 5.447717190 6.590179205E-01
 5.451335907 6.587836742E-01
 5.454956055 6.585462093E-01
 5.458549023 6.583070755E-01
 5.462155819 6.580638289E-01
 5.465750217 6.578180790E-01
 5.469330788 6.575701237E-01
 5.472912788 6.573188901E-01
 5.476480961 6.570655107E-01
 5.480051041 6.568089128E-01
 5.483606815 6.565499902E-01
 5.487163067 6.562882066E-01
 5.490705967 6.560242772E-01
 5.494249821 6.557573080E-01
 5.497794151 6.554874182E-01
 5.501325130 6.552153826E-01
 5.504844189 6.549414992E-01
 5.508361816 6.546648145E-01
 5.511880875 6.543850899E-01
 5.515387058 6.541035771E-01
 5.518892765 6.538193226E-01
 5.522386074 6.535329819E-01
 5.525879860 6.532440186E-01
 5.529359818 6.529530883E-01
 5.532841206 6.526594758E-01
 5.536322117 6.523628831E-01
 5.539791107 6.520646214E-01
 5.543259144 6.517633796E-01
 5.546714783 6.514605284E-01
 5.550169945 6.511546969E-01
 5.553626060 6.508461237E-01
 5.557068825 6.505357027E-01
 5.560500145 6.502236128E-01
 5.563942909 6.499075294E-01
 5.567374229 6.495897770E-01
 5.570792198 6.492702961E-01
 5.574222088 6.489468813E-01
 5.577640057 6.486216784E-01
 5.581046104 6.482949257E-01
 5.584451199 6.479653120E-01
 5.587856770 6.476327777E-01
 5.591261864 6.472976208E-01
 5.594655037 6.469606757E-01
 5.598034859 6.466224194E-01
 5.601428032 6.462801099E-01
 5.604807854 6.459364295E-01
 5.608189106 6.455898881E-01
 5.611557007 6.452419758E-01
 5.614923954 6.448916197E-01
 5.618291855 6.445385218E-01
 5.621646881 6.441841125E-01
 5.625014782 6.438258290E-01
 5.628357887 6.434674859E-01
 5.631712914 6.431055069E-01
 5.635056019 6.427422166E-01
 5.638398170 6.423764825E-01
 5.641740799 6.420081854E-01
 5.645071030 6.416388750E-01
 5.648400784 6.412671804E-01
 5.651731014 6.408929825E-01
 5.655048847 6.405180097E-01
 5.658366203 6.401404142E-01
 5.661684036 6.397604942E-01
 5.665000916 6.393781900E-01
 5.668305874 6.389951110E-01
 5.671610832 6.386095285E-01
 5.674915791 6.382216811E-01
 5.678207874 6.378329992E-01
 5.681512833 6.374405026E-01
 5.684804916 6.370471716E-01
 5.688086033 6.366530061E-01
 5.691378117 6.362550855E-01
 5.694657803 6.358563900E-01
 5.697937012 6.354554296E-01
 5.701217175 6.350522041E-01
 5.704483986 6.346483231E-01
 5.707764149 6.342406273E-01
 5.711030960 6.338322163E-01
 5.714285851 6.334230900E-01
 5.717554092 6.330102086E-01
 5.720808029 6.325966716E-01
 5.724074841 6.321793795E-01
 5.727316856 6.317631006E-01
 5.730572224 6.313430071E-01
 5.733827114 6.309207082E-01
 5.737069130 6.304978728E-01
 5.740311146 6.300727725E-01
 5.743553162 6.296455860E-01
 5.746795177 6.292163134E-01
 5.750024796 6.287863851E-01
 5.753253937 6.283543706E-01
 5.756495953 6.279184818E-01
 5.759713173 6.274837852E-01
 5.762942791 6.270453930E-01
 5.766171932 6.266046762E-01
 5.769389153 6.261637211E-01
 5.772605896 6.257203817E-01
 5.775823116 6.252750754E-01
 5.779039860 6.248276234E-01
 5.782257080 6.243780255E-01
 5.785461903 6.239280105E-01
 5.788665771 6.234759092E-01
 5.791882992 6.230198741E-01
 5.795086861 6.225636005E-01
 5.798292160 6.221051216E-01
 5.801484108 6.216464043E-01
 5.804687977 6.211838126E-01
 5.807879925 6.207208037E-01
 5.811071873 6.202558279E-01
 5.814263821 6.197888255E-01
 5.817454815 6.193196177E-01
 5.820646763 6.188483834E-01
 5.823839188 6.183751822E-01
 5.827017784 6.179018021E-01
 5.830210209 6.174244285E-01
 5.833390236 6.169468760E-01
 5.836568832 6.164674759E-01
 5.839747906 6.159858704E-01
 5.842926979 6.155024171E-01
 5.846107006 6.150168777E-01
 5.849286079 6.145293713E-01
 5.852453232 6.140416861E-01
 5.855631828 6.135501862E-01
 5.858798981 6.130586863E-01
 5.861965179 6.125652194E-01
 5.865145206 6.120678186E-01
 5.868310928 6.115704179E-01
 5.871478081 6.110711098E-01
 5.874631882 6.105716825E-01
 5.877799034 6.100683808E-01
 5.880966187 6.095632911E-01
 5.884119987 6.090580821E-01
 5.887286186 6.085491180E-01
 5.890439987 6.080402136E-01
 5.893607140 6.075273156E-01
 5.896760941 6.070144773E-01
 5.899916172 6.064999104E-01
 5.903069019 6.059833765E-01
 5.906223774 6.054648757E-01
 5.909378052 6.049445868E-01
 5.912531853 6.044223905E-01
 5.915686131 6.038982868E-01
 5.918839931 6.033722758E-01
 5.921981812 6.028466225E-01
 5.925136089 6.023169160E-01
 5.928289890 6.017854214E-01
 5.931431770 6.012539864E-01
 5.934586048 6.007187963E-01
 5.937726974 6.001837850E-01
 5.940868855 5.996469855E-01
 5.944023132 5.991061926E-01
 5.947165012 5.985656977E-01
 5.950305939 5.980234146E-01
 5.953447819 5.974792242E-01
 5.956602097 5.969310999E-01
 5.959743023 5.963832736E-01
 5.962884903 5.958337188E-01
 5.966026783 5.952821970E-01
 5.969169140 5.947288871E-01
 5.972310066 5.941739082E-01
 5.975450993 5.936170220E-01
 5.978592873 5.930582881E-01
 5.981735229 5.924978256E-01
 5.984876156 5.919355154E-01
 5.988018036 5.913714170E-01
 5.991158962 5.908054709E-01
 5.994300842 5.902377963E-01
 5.997443199 5.896682739E-01
 6.000584126 5.890970230E-01
 6.003726006 5.885239244E-01
 6.006866932 5.879489779E-01
 6.010008812 5.873723030E-01
 6.013151169 5.867937803E-01
 6.016292095 5.862135887E-01
 6.019433022 5.856317282E-01
 6.022562981 5.850502849E-01
 6.025703907 5.844647884E-01
 6.028845787 5.838776827E-01
 6.031987190 5.832887888E-01
 6.035129070 5.826982260E-01
 6.038269997 5.821059942E-01
 6.041411877 5.815119743E-01
 6.044554234 5.809165239E-01
 6.047695160 5.803192258E-01
 6.050837040 5.797203779E-01
 6.053977966 5.791199207E-01
 6.057119846 5.785176754E-01
 6.060262203 5.779141188E-01
 6.063403130 5.773087144E-01
 6.066532135 5.767043233E-01
 6.069674015 5.760958195E-01
 6.072814941 5.754858255E-01
 6.075956821 5.748742819E-01
 6.079098225 5.742611885E-01
 6.082240105 5.736466050E-01
 6.085381985 5.730304718E-01
 6.088522911 5.724127889E-01
 6.091664791 5.717936158E-01
 6.094806194 5.711727738E-01
 6.097948074 5.705506206E-01
 6.101089001 5.699266791E-01
 6.104230881 5.693014264E-01
 6.107373238 5.686743855E-01
 6.110501766 5.680484772E-01
 6.113643169 5.674185157E-01
 6.116785049 5.667868257E-01
 6.119925976 5.661537051E-01
 6.123067856 5.655189753E-01
 6.126208782 5.648826957E-01
 6.129351139 5.642449260E-01
 6.132493019 5.636054873E-01
 6.135633945 5.629644990E-01
 6.138775826 5.623219013E-01
 6.141917229 5.616778135E-01
 6.145059109 5.610321164E-01
 6.148200989 5.603848100E-01
 6.151341915 5.597358942E-01
 6.154470921 5.590881109E-01
 6.157612801 5.584359765E-01
 6.160754204 5.577824116E-01
 6.163896084 5.571271777E-01
 6.167037010 5.564703941E-01
 6.170178890 5.558120012E-01
 6.173320770 5.551521182E-01
 6.176462173 5.544906259E-01
 6.179604053 5.538275242E-01
 6.182744980 5.531628132E-01
 6.185886860 5.524966121E-01
 6.189027786 5.518286824E-01
 6.192170143 5.511593223E-01
 6.195312023 5.504884124E-01
 6.198441029 5.498185158E-01
 6.201581955 5.491443872E-01
 6.204723835 5.484688282E-01
 6.207865238 5.477914810E-01
 6.211007118 5.471128225E-01
 6.214148998 5.464323759E-01
 6.217289925 5.457503796E-01
 6.220431805 5.450670123E-01
 6.223573208 5.443819165E-01
 6.226715088 5.436952710E-01
 6.229856014 5.430073142E-01
 6.232997894 5.423176885E-01
 6.236138821 5.416265726E-01
 6.239281178 5.409340858E-01
 6.242410183 5.402430296E-01
 6.245552063 5.395476818E-01
 6.248692989 5.388510227E-01
 6.251834869 5.381528735E-01
 6.254975796 5.374534726E-01
 6.258118153 5.367528200E-01
 6.261260033 5.360506773E-01
 6.264400959 5.353472829E-01
 6.267542839 5.346428156E-01
 6.270683765 5.339369178E-01
 6.273826122 5.332298279E-01
 6.276968002 5.325214863E-01
 6.280108929 5.318120122E-01
 6.283249855 5.311012864E-01
 6.286378860 5.303922892E-01
 6.289521217 5.296794176E-01
 6.292663097 5.289654136E-01
 6.295804977 5.282502174E-01
 6.298945904 5.275338292E-01
 6.302086830 5.268164277E-01
 6.305229187 5.260977149E-01
 6.308371067 5.253779292E-01
 6.311511993 5.246568918E-01
 6.314653873 5.239347219E-01
 6.317794800 5.232111812E-01
 6.320937157 5.224866271E-01
 6.324079037 5.217605829E-01
 6.327219963 5.210334063E-01
 6.330348969 5.203077793E-01
 6.333489895 5.195779800E-01
 6.336631775 5.188469291E-01
 6.339774132 5.181145072E-01
 6.342916012 5.173807144E-01
 6.346056938 5.166456103E-01
 6.349197865 5.159090757E-01
 6.352340221 5.151711702E-01
 6.355482101 5.144320130E-01
 6.358623028 5.136911869E-01
 6.361764908 5.129491091E-01
 6.364905834 5.122056007E-01
 6.368048191 5.114607215E-01
 6.371190071 5.107144713E-01
 6.374319077 5.099700093E-01
 6.377460003 5.092211962E-01
 6.380601883 5.084710717E-01
 6.383742809 5.077198148E-01
 6.386885166 5.069673061E-01
 6.390027046 5.062136054E-01
 6.393167973 5.054587722E-01
 6.396308899 5.047028065E-01
 6.399450779 5.039457083E-01
 6.402593136 5.031875968E-01
 6.405734062 5.024284124E-01
 6.408875942 5.016682148E-01
 6.412016869 5.009070039E-01
 6.415159225 5.001447797E-01
 6.418301105 4.993816912E-01
 6.421430111 4.986206889E-01
 6.424571037 4.978559017E-01
 6.427712917 4.970901012E-01
 6.430853844 4.963234961E-01
 6.433996201 4.955560863E-01
 6.437138081 4.947879910E-01
 6.440279007 4.940190017E-01
 6.443419933 4.932492077E-01
 6.446561813 4.924786985E-01
 6.449704170 4.917072952E-01
 6.452845097 4.909350872E-01
 6.455986977 4.901619852E-01
 6.459127903 4.893881083E-01
 6.462256908 4.886164963E-01
 6.465398788 4.878408909E-01
 6.468541145 4.870643914E-01
 6.471682072 4.862869978E-01
 6.474823952 4.855087996E-01
 6.477964878 4.847295880E-01
 6.481107235 4.839495122E-01
 6.484249115 4.831685126E-01
 6.487390041 4.823865891E-01
 6.490530968 4.816037118E-01
 6.493672848 4.808199108E-01
 6.496815205 4.800350964E-01
 6.499957085 4.792492986E-01
 6.503098011 4.784624875E-01
 6.506238937 4.776748121E-01
 6.509367943 4.768893123E-01
 6.512509823 4.760996103E-01
 6.515652180 4.753090143E-01
 6.518793106 4.745174050E-01
 6.521934986 4.737248123E-01
 6.525075912 4.729314148E-01
 6.528217793 4.721370041E-01
 6.531360149 4.713416994E-01
 6.534501076 4.705454111E-01
 6.537642002 4.697482884E-01
 6.540783882 4.689502120E-01
 6.543925762 4.681513011E-01
 6.547068119 4.673514962E-01
 6.550197124 4.665539861E-01
 6.553338051 4.657525122E-01
 6.556478977 4.649501145E-01
 6.559620857 4.641467929E-01
 6.562763214 4.633426964E-01
 6.565904140 4.625377953E-01
 6.569046021 4.617320001E-01
 6.572186947 4.609254003E-01
 6.575328827 4.601180851E-01
 6.578471184 4.593099058E-01
 6.581612110 4.585008919E-01
 6.584753990 4.576911926E-01
 6.587894917 4.568808079E-01
 6.591036797 4.560695887E-01
 6.594179153 4.552578032E-01
 6.597308159 4.544484913E-01
 6.600449085 4.536353052E-01
 6.603590012 4.528214931E-01
 6.606731892 4.520069957E-01
 6.609873772 4.511919022E-01
 6.613015175 4.503762126E-01
 6.616157055 4.495599866E-01
 6.619297981 4.487431049E-01
 6.622439861 4.479258060E-01
 6.625582218 4.471079111E-01
 6.628723145 4.462895095E-01
 6.631865025 4.454706013E-01
 6.635005951 4.446511865E-01
 6.638147831 4.438314140E-01
 6.641276836 4.430144131E-01
 6.644419193 4.421936870E-01
 6.647560120 4.413725138E-01
 6.650702000 4.405508041E-01
 6.653842926 4.397287071E-01
 6.656984806 4.389060140E-01
 6.660126209 4.380829930E-01
 6.663268089 4.372592866E-01
 6.666409016 4.364353120E-01
 6.669550896 4.356107116E-01
 6.672692776 4.347854853E-01
 6.675834179 4.339599013E-01
 6.678976059 4.331338108E-01
 6.682116985 4.323070049E-01
 6.685245991 4.314830899E-01
 6.688387871 4.306553006E-01
 6.691530228 4.298270047E-01
 6.694671154 4.289981127E-01
 6.697813034 4.281687140E-01
 6.700953960 4.273386002E-01
 6.704095840 4.265080094E-01
 6.707238197 4.256767929E-01
 6.710379124 4.248450994E-01
 6.713521004 4.240128100E-01
 6.716661930 4.231798947E-01
 6.719803810 4.223465025E-01
 6.722945213 4.215126932E-01
 6.726087093 4.206782877E-01
 6.729216099 4.198468029E-01
 6.732357979 4.190115929E-01
 6.735498905 4.181759059E-01
 6.738640785 4.173398018E-01
 6.741782188 4.165033102E-01
 6.744924068 4.156664908E-01
 6.748064995 4.148293138E-01
 6.751206875 4.139918089E-01
 6.754349232 4.131538868E-01
 6.757490158 4.123157859E-01
 6.760632038 4.114773870E-01
 6.763772964 4.106386900E-01
 6.766914845 4.097998142E-01
 6.770055771 4.089606106E-01
 6.773184776 4.081246853E-01
 6.776327133 4.072852135E-01
 6.779469013 4.064454138E-01
 6.782609940 4.056056142E-01
 6.785751820 4.047656059E-01
 6.788893223 4.039253891E-01
 6.792035103 4.030851126E-01
 6.795176983 4.022445977E-01
 6.798317909 4.014039040E-01
 6.801459789 4.005630910E-01
 6.804601192 3.997220099E-01
 6.807743073 3.988806903E-01
 6.810883999 3.980393112E-01
 6.814025879 3.971975148E-01
 6.817154884 3.963589966E-01
 6.820295811 3.955169022E-01
 6.823438168 3.946745098E-01
 6.826580048 3.938319087E-01
 6.829720974 3.929890096E-01
 6.832862854 3.921459019E-01
 6.836003780 3.913024962E-01
 6.839146137 3.904589117E-01
 6.842288017 3.896149099E-01
 6.845428944 3.887706995E-01
 6.848570824 3.879263103E-01
 6.851712227 3.870814145E-01
 6.854854107 3.862363994E-01
 6.857995987 3.853909969E-01
 6.861136913 3.845453858E-01
 6.864265919 3.837029040E-01
 6.867406845 3.828567863E-01
 6.870549202 3.820104897E-01
 6.873691082 3.811638057E-01
 6.876832008 3.803170025E-01
 6.879973888 3.794699907E-01
 6.883114815 3.786227107E-01
 6.886257172 3.777751923E-01
 6.889399052 3.769274950E-01
 6.892539978 3.760795891E-01
 6.895681858 3.752315938E-01
 6.898822784 3.743833899E-01
 6.901965141 3.735350072E-01
 6.905094147 3.726898134E-01
 6.908236027 3.718411028E-01
 6.911376953 3.709922135E-01
 6.914518833 3.701432049E-01
 6.917660236 3.692941070E-01
 6.920802116 3.684448004E-01
 6.923943996 3.675954938E-01
 6.927084923 3.667460084E-01
 6.930225849 3.658964932E-01
 6.933368206 3.650468886E-01
 6.936510086 3.641973138E-01
 6.939651012 3.633475900E-01
 6.942792892 3.624978960E-01
 6.945933819 3.616481125E-01
 6.949076176 3.607983887E-01
 6.952205181 3.599522114E-01
 6.955347061 3.591024876E-01
 6.958487988 3.582529128E-01
 6.961629868 3.574033082E-01
 6.964770794 3.565537930E-01
 6.967913151 3.557043970E-01
 6.971055031 3.548550010E-01
 6.974195957 3.540058136E-01
 6.977336884 3.531566858E-01
 6.980478764 3.523077965E-01
 6.983621120 3.514589965E-01
 6.986762047 3.506104052E-01
 6.989903927 3.497619033E-01
 6.993032932 3.489170074E-01
 6.996173859 3.480688930E-01
 6.999316216 3.472208977E-01
 7.002458096 3.463732004E-01
 7.005599022 3.455255926E-01
 7.008740902 3.446783125E-01
 7.011881828 3.438310921E-01
 7.015024185 3.429841101E-01
 7.018166065 3.421373069E-01
 7.021306992 3.412907124E-01
 7.024447918 3.404443860E-01
 7.027589798 3.395982087E-01
 7.030732155 3.387522995E-01
 7.033874035 3.379065990E-01
 7.037014961 3.370611966E-01
 7.040143967 3.362193108E-01
 7.043284893 3.353742957E-01
 7.046426773 3.345294893E-01
 7.049569130 3.336850107E-01
 7.052710056 3.328408003E-01
 7.055851936 3.319967091E-01
 7.058992863 3.311530054E-01
 7.062135220 3.303095102E-01
 7.065277100 3.294663131E-01
 7.068418026 3.286232948E-01
 7.071558952 3.277804852E-01
 7.074700832 3.269380927E-01
 7.077843189 3.260959983E-01
 7.080972195 3.252573907E-01
 7.084114075 3.244158030E-01
 7.087255001 3.235745132E-01
 7.090395927 3.227334917E-01
 7.093537807 3.218927085E-01
 7.096680164 3.210523129E-01
 7.099821091 3.202120960E-01
 7.102962971 3.193722963E-01
 7.106103897 3.185327053E-01
 7.109245777 3.176934123E-01
 7.112388134 3.168545067E-01
 7.115529060 3.160158992E-01
 7.118670940 3.151775897E-01
 7.121811867 3.143396080E-01
 7.124954224 3.135018945E-01
 7.128083229 3.126679063E-01
 7.131225109 3.118307889E-01
 7.134366035 3.109939992E-01
 7.137506962 3.101575077E-01
 7.140648842 3.093213141E-01
 7.143791199 3.084853888E-01
 7.146932125 3.076497912E-01
 7.150074005 3.068144023E-01
 7.153214931 3.059793115E-01
 7.156356812 3.051443994E-01
 7.159499168 3.043097854E-01
 7.162640095 3.034754097E-01
 7.165781975 3.026413023E-01
 7.168922901 3.018074036E-01
 7.172051907 3.009769917E-01
 7.175193787 3.001435101E-01
 7.178336143 2.993102968E-01
 7.181477070 2.984772027E-01
 7.184617996 2.976444066E-01
 7.187759876 2.968116999E-01
 7.190902233 2.959792912E-01
 7.194043159 2.951469123E-01
 7.197185040 2.943148911E-01
 7.200325966 2.934829891E-01
 7.203467846 2.926512957E-01
 7.206610203 2.918199897E-01
 7.209751129 2.909888923E-01
 7.212893009 2.901582122E-01
 7.216022015 2.893312871E-01
 7.219162941 2.885014117E-01
 7.222304821 2.876718938E-01
 7.225447178 2.868430018E-01
 7.228588104 2.860144973E-01
 7.231729984 2.851865888E-01
 7.234870911 2.843593061E-01
 7.238012791 2.835325897E-01
 7.241155148 2.827065885E-01
 7.244296074 2.818813026E-01
 7.247437000 2.810566127E-01
 7.250578880 2.802327871E-01
 7.253721237 2.794097066E-01
 7.256862164 2.785874009E-01
 7.259991169 2.777692974E-01
 7.263133049 2.769488096E-01
 7.266273975 2.761290967E-01
 7.269415855 2.753103077E-01
 7.272558212 2.744924128E-01
 7.275699139 2.736752927E-01
 7.278841019 2.728590071E-01
 7.281981945 2.720434964E-01
 7.285123825 2.712287009E-01
 7.288266182 2.704147100E-01
 7.291407108 2.696012855E-01
 7.294548988 2.687886953E-01
 7.297689915 2.679767013E-01
 7.300831795 2.671653926E-01
 7.303973198 2.663547099E-01
 7.307102203 2.655478120E-01
 7.310244083 2.647382915E-01
 7.313385010 2.639293075E-01
 7.316526890 2.631208897E-01
 7.319668770 2.623128891E-01
 7.322810173 2.615055144E-01
 7.325952053 2.606984973E-01
 7.329092979 2.598918974E-01
 7.332234859 2.590858042E-01
 7.335377216 2.582800984E-01
 7.338518143 2.574748099E-01
 7.341660023 2.566700876E-01
 7.344800949E+00 2.558658123E-01
 7.347929955E+00 2.550652027E-01
 7.351071835E+00 2.542620003E-01
 7.354213238E+00 2.534593046E-01
 7.357355118E+00 2.526572049E-01
 7.360496998E+00 2.518557906E-01
 7.363637924E+00 2.510549128E-01
 7.366779804E+00 2.502548099E-01
 7.369921207E+00 2.494553030E-01
 7.373063087E+00 2.486564964E-01
 7.376204014E+00 2.478584051E-01
 7.379345894E+00 2.470611036E-01
 7.382487774E+00 2.462645024E-01
 7.385629177E+00 2.454687953E-01
 7.388771057E+00 2.446738034E-01
 7.391911983E+00 2.438797951E-01
 7.395040989E+00 2.430897057E-01
 7.398182869E+00 2.422973961E-01
 7.401323795E+00 2.415059060E-01
 7.404466152E+00 2.407153994E-01
 7.407608032E+00 2.399258018E-01
 7.410748959E+00 2.391369939E-01
 7.413890839E+00 2.383490950E-01
 7.417031765E+00 2.375621051E-01
 7.420174122E+00 2.367759049E-01
 7.423316002E+00 2.359904945E-01
 7.426456928E+00 2.352059931E-01
 7.429598808E+00 2.344222069E-01
 7.432740211E+00 2.336392999E-01
 7.435869217E+00 2.328602970E-01
 7.439011097E+00 2.320788950E-01
 7.442152977E+00 2.312982976E-01
 7.445293903E+00 2.305184007E-01
 7.448435783E+00 2.297392935E-01
 7.451577187E+00 2.289609015E-01
 7.454719067E+00 2.281831950E-01
 7.457859993E+00 2.274062037E-01
 7.461001873E+00 2.266300023E-01
 7.464142799E+00 2.258543968E-01
 7.467285156E+00 2.250794023E-01
 7.470427036E+00 2.243051976E-01
 7.473567963E+00 2.235316038E-01
 7.476709843E+00 2.227586955E-01
 7.479850769E+00 2.219865024E-01
 7.482979774E+00 2.212180942E-01
 7.486122131E+00 2.204474062E-01
 7.489264011E+00 2.196774930E-01
 7.492404938E+00 2.189082950E-01
 7.495546818E+00 2.181400061E-01
 7.498688221E+00 2.173724025E-01
 7.501830101E+00 2.166056931E-01
 7.504971981E+00 2.158398926E-01
 7.508112907E+00 2.150750011E-01
 7.511253834E+00 2.143108994E-01
 7.514396191E+00 2.135477960E-01
 7.517538071E+00 2.127856016E-01
 7.520678997E+00 2.120243013E-01
 7.523820877E+00 2.112639993E-01
 7.526961803E+00 2.105046958E-01
 7.530104160E+00 2.097464055E-01
 7.533257961E+00 2.089861035E-01
 7.536399841E+00 2.082297951E-01
 7.539540768E+00 2.074746042E-01
 7.542695999E+00 2.067175061E-01
 7.545836926E+00 2.059644014E-01
 7.548991203E+00 2.052094042E-01
 7.552145004E+00 2.044554949E-01
 7.555286884E+00 2.037055939E-01
 7.558441162E+00 2.029538006E-01
 7.561594963E+00 2.022030950E-01
 7.564748764E+00 2.014535069E-01
 7.567915916E+00 2.007019073E-01
 7.571070194E+00 1.999544948E-01
 7.574236870E+00 1.992051005E-01
 7.577391148E+00 1.984598041E-01
 7.580557823E+00 1.977126002E-01
 7.583724022E+00 1.969664991E-01
 7.586891174E+00 1.962215006E-01
 7.590057850E+00 1.954776049E-01
 7.593236923E+00 1.947319061E-01
 7.596404076E+00 1.939902008E-01
 7.599583149E+00 1.932467967E-01
 7.602762222E+00 1.925044060E-01
 7.605941772E+00 1.917631030E-01
 7.609132767E+00 1.910199970E-01
 7.612312794E+00 1.902810037E-01
 7.615505219E+00 1.895402074E-01
 7.618696213E+00 1.888003945E-01
 7.621901035E+00 1.880588979E-01
 7.625092983E+00 1.873213947E-01
 7.628296852E+00 1.865821034E-01
 7.631501198E+00 1.858438998E-01
 7.634706020E+00 1.851067990E-01
 7.637922764E+00 1.843678951E-01
 7.641127110E+00 1.836328954E-01
 7.644343853E+00 1.828961074E-01
 7.647573948E+00 1.821575016E-01
 7.650791168E+00 1.814229041E-01
 7.654019833E+00 1.806863993E-01
 7.657249928E+00 1.799509972E-01
 7.660491943E+00 1.792138070E-01
 7.663733959E+00 1.784776002E-01
 7.666975975E+00 1.777424067E-01
 7.670217991E+00 1.770083010E-01
 7.673472881E+00 1.762723029E-01
 7.676727772E+00 1.755373031E-01
 7.679995060E+00 1.748006046E-01
 7.683248997E+00 1.740676016E-01
 7.686529160E+00 1.733300984E-01
 7.689795971E+00 1.725963950E-01
 7.693076134E+00 1.718610972E-01
 7.696355820E+00 1.711267978E-01
 7.699647903E+00 1.703907996E-01
 7.702940941E+00 1.696559936E-01
 7.706245899E+00 1.689195037E-01
 7.709550858E+00 1.681842953E-01
 7.712855816E+00 1.674502045E-01
 7.716173172E+00 1.667146981E-01
 7.719491005E+00 1.659803987E-01
 7.722821236E+00 1.652445942E-01
 7.726150990E+00 1.645101011E-01
 7.729494095E+00 1.637742966E-01
 7.732835770E+00 1.630398035E-01
 7.736178875E+00 1.623066962E-01
 7.739533901E+00 1.615722030E-01
 7.742901802E+00 1.608365029E-01
 7.746269226E+00 1.601022035E-01
 7.749637127E+00 1.593694985E-01
 7.753016949E+00 1.586354971E-01
 7.756411076E+00 1.579001993E-01
 7.759802818E+00 1.571664959E-01
 7.763208866E+00 1.564316005E-01
 7.766613960E+00 1.556981057E-01
 7.770031929E+00 1.549632996E-01
 7.773449898E+00 1.542301029E-01
 7.776881218E+00 1.534955055E-01
 7.780312061E+00 1.527623981E-01
 7.783767223E+00 1.520252973E-01
 7.787209988E+00 1.512923986E-01
 7.790678978E+00 1.505554020E-01
 7.794147015E+00 1.498198956E-01
 7.797616005E+00 1.490857005E-01
 7.801108837E+00 1.483476013E-01
 7.804590225E+00 1.476134956E-01
 7.808094978E+00 1.468753964E-01
 7.811602116E+00 1.461385936E-01
 7.815120220E+00 1.454005986E-01
 7.818651199E+00 1.446612030E-01
 7.822183132E+00 1.439231038E-01
 7.825726032E+00 1.431837976E-01
 7.829281807E+00 1.424431950E-01
 7.832850933E+00 1.417015046E-01
 7.836420059E+00 1.409613043E-01
 7.840002060E+00 1.402200013E-01
 7.843595982E+00 1.394777000E-01
 7.847188950E+00 1.387369931E-01
 7.850809097E+00 1.379929036E-01
 7.854427814E+00 1.372504979E-01
 7.858058929E+00 1.365071982E-01
 7.861702919E+00 1.357633024E-01
 7.865359783E+00 1.350186020E-01
 7.869017124E+00 1.342758983E-01
 7.872698784E+00 1.335300952E-01
 7.876380920E+00 1.327863038E-01
 7.880074978E+00 1.320420057E-01
 7.883781910E+00 1.312973052E-01
 7.887502193E+00 1.305523962E-01
 7.891233921E+00 1.298070997E-01
 7.894979000E+00 1.290615052E-01
 7.898736000E+00 1.283155978E-01
 7.902493000E+00 1.275718957E-01
 7.906276226E+00 1.268251985E-01
 7.910070896E+00 1.260782033E-01
 7.913866043E+00 1.253332943E-01
 7.917685986E+00 1.245853975E-01
 7.921518803E+00 1.238370985E-01
 7.925364017E+00 1.230883002E-01
 7.929222107E+00 1.223390028E-01
 7.933093071E+00 1.215891987E-01
 7.936975002E+00 1.208387986E-01
 7.940870762E+00 1.200878024E-01
 7.944778919E+00 1.193362027E-01
 7.948699951E+00 1.185839996E-01
 7.952645779E+00 1.178286970E-01
 7.956592083E+00 1.170751005E-01
 7.960563183E+00 1.163183972E-01
 7.964546204E+00 1.155610010E-01
 7.968554020E+00 1.148006991E-01
 7.972562790E+00 1.140422970E-01
 7.976596832E+00 1.132811010E-01
 7.980642796E+00 1.125195026E-01
 7.984703064E+00 1.117578000E-01
 7.988773823E+00 1.109957993E-01
 7.992869854E+00 1.102313995E-01
 7.996980190E+00 1.094669998E-01
 8.001113892E+00 1.087004021E-01
 8.005260468E+00 1.079339013E-01
 8.009420395E+00 1.071678028E-01
 8.013592720E+00 1.064020023E-01
 8.017789841E+00 1.056343019E-01
 8.021999359E+00 1.048671976E-01
 8.026233673E+00 1.040984988E-01
 8.030493736E+00 1.033281982E-01
 8.034753799E+00 1.025611013E-01
 8.039038658E+00 1.017924994E-01
 8.043349266E+00 1.010224968E-01
 8.047672272E+00 1.002532989E-01
 8.052020073E+00 9.948267043E-02
 8.056380272E+00 9.871280938E-02
 8.060766220E+00 9.794150293E-02
 8.065176964E+00 9.716874361E-02
 8.069600105E+00 9.639672190E-02
 8.074036598E+00 9.562540799E-02
 8.078510284E+00 9.485042840E-02
 8.082996368E+00 9.407612681E-02
 8.087494850E+00 9.330248833E-02
 8.092030525E+00 9.252516925E-02
 8.096581459E+00 9.174846858E-02
 8.101141930E+00 9.097234905E-02
 8.105740547E+00 9.019257128E-02
 8.110353470E+00 8.941347897E-02
 8.114990234E+00 8.863303065E-02
 8.119651794E+00 8.785132319E-02
 8.124339104E+00 8.706843853E-02
 8.129038811E+00 8.628658950E-02
 8.133776665E+00 8.550167829E-02
 8.138526917E+00 8.471798152E-02
 8.143301964E+00 8.393350244E-02
 8.148101807E+00 8.314836025E-02
 8.152927399E+00 8.236266673E-02
 8.157765388E+00 8.157855272E-02
 8.162641525E+00 8.079204708E-02
 8.167542458E+00 8.000534028E-02
 8.172455788E+00 7.922051847E-02
 8.177406311E+00 7.843364030E-02
 8.182370186E+00 7.764873654E-02
 8.187358856E+00 7.686381787E-02
 8.192385674E+00 7.607696205E-02
 8.197424889E+00 7.529213279E-02
 8.202501297E+00 7.450543344E-02
 8.207591057E+00 7.372076809E-02
 8.212718010E+00 7.293430716E-02
 8.217857361E+00 7.214993238E-02
 8.223034859E+00 7.136382163E-02
 8.228224754E+00 7.057981193E-02
 8.233452797E+00 6.979413331E-02
 8.238704681E+00 6.900869310E-02
 8.243969917E+00 6.822539866E-02
 8.249273300E+00 6.744057685E-02
 8.254600525E+00 6.665623933E-02
 8.259954453E+00 6.587245315E-02
 8.265320778E+00 6.509116292E-02
 8.270724297E+00 6.430880725E-02
 8.276152611E+00 6.352735311E-02
 8.281606674E+00 6.274688989E-02
 8.287073135E+00 6.196932122E-02
 8.292576790E+00 6.119117886E-02
 8.298106194E+00 6.041438133E-02
 8.303647995E+00 5.964079127E-02
 8.309226990E+00 5.886701122E-02
 8.314819336E+00 5.809665099E-02
 8.320448875E+00 5.732630938E-02
 8.326090813E+00 5.655946955E-02
 8.331746101E+00 5.579616874E-02
 8.337438583E+00 5.503306910E-02
 8.343143463E+00 5.427357182E-02
 8.348874092E+00 5.351604894E-02
 8.354630470E+00 5.276056007E-02
 8.360397339E+00 5.200878158E-02
 8.366189957E+00 5.125911161E-02
 8.372008324E+00 5.051160976E-02
 8.377826691E+00 4.976950958E-02
 8.383682251E+00 4.902805015E-02
 8.389538765E+00 4.829204828E-02
 8.395419121E+00 4.755840823E-02
 8.401325226E+00 4.682720080E-02
 8.407231331E+00 4.610158876E-02
 8.413163185E+00 4.537852854E-02
 8.419105530E+00 4.465962946E-02
 8.425050735E+00 4.394643009E-02
 8.431019783E+00 4.323597997E-02
 8.437001228E+00 4.252982885E-02
 8.442982674E+00 4.182948917E-02
 8.448977470E+00 4.113354906E-02
 8.454983711E+00 4.044201970E-02
 8.461003304E+00 3.975499049E-02
 8.467009544E+00 3.907531127E-02
 8.473041534E+00 3.839877993E-02
 8.479073524E+00 3.772825003E-02
 8.485106468E+00 3.706375137E-02
 8.491136551E+00 3.640528023E-02
 8.497168541E+00 3.575287014E-02
 8.503212929E+00 3.510519117E-02
 8.509244919E+00 3.446495160E-02
 8.515289307E+00 3.382949904E-02
 8.521321297E+00 3.320148960E-02
 8.527353287E+00 3.257961944E-02
 8.533397675E+00 3.196259961E-02
 8.539428711E+00 3.135297820E-02
 8.545473099E+00 3.074819036E-02
 8.551505089E+00 3.015070967E-02
 8.557549477E+00 2.955803089E-02
 8.563581467E+00 2.897259966E-02
 8.569613457E+00 2.839314006E-02
 8.575657845E+00 2.781843022E-02
 8.581689835E+00 2.725085989E-02
 8.587734222E+00 2.668800950E-02
 8.593766212E+00 2.613220923E-02
 8.599810600E+00 2.558111958E-02
 8.605841637E+00 2.503702044E-02
 8.611873627E+00 2.449877933E-02
 8.617918015E+00 2.396529913E-02
 8.623950005E+00 2.343880944E-02
 8.629994392E+00 2.291711979E-02
 8.636026382E+00 2.240242064E-02
 8.642070770E+00 2.189256996E-02
 8.648102760E+00 2.138970047E-02
 8.654147148E+00 2.089172974E-02
 8.660179138E+00 2.040073089E-02
 8.666210175E+00 1.991567947E-02
 8.672254562E+00 1.943559013E-02
 8.678286552E+00 1.896247081E-02
 8.684330940E+00 1.849438064E-02
 8.690362930E+00 1.803326979E-02
 8.696407318E+00 1.757723093E-02
 8.702439308E+00 1.712819003E-02
 8.708471298E+00 1.668520086E-02
 8.714515686E+00 1.624738052E-02
 8.720547676E+00 1.581656002E-02
 8.726592064E+00 1.539095957E-02
 8.732623100E+00 1.497238036E-02
 8.738666534E+00 1.455907989E-02
 8.744698524E+00 1.415278018E-02
 8.750731468E+00 1.375258993E-02
 8.756775856E+00 1.335768960E-02
 8.762807846E+00 1.296969038E-02
 8.768852234E+00 1.258695964E-02
 8.774884224E+00 1.221104991E-02
 8.780928612E+00 1.184040029E-02
 8.786960602E+00 1.147649996E-02
 8.793004990E+00 1.111784019E-02
 8.799036026E+00 1.076585986E-02
 8.805068016E+00 1.041981019E-02
 8.811112404E+00 1.007896010E-02
 8.817144394E+00 9.744710289E-03
 8.823188782E+00 9.415660985E-03
 8.829220772E+00 9.093184024E-03
 8.835265160E+00 8.775939234E-03
 8.841297150E+00 8.465247229E-03
 8.847328186E+00 8.160443045E-03
 8.853372574E+00 7.860913873E-03
 8.859404564E+00 7.567904890E-03
 8.865448952E+00 7.280198857E-03
 8.871480942E+00 6.998992991E-03
 8.877525330E+00 6.723118015E-03
 8.883557320E+00 6.453721784E-03
 8.889601707E+00 6.189681124E-03
 8.895633698E+00 5.932080094E-03
 8.901665688E+00 5.680352915E-03
 8.907710075E+00 5.433983169E-03
 8.913741112E+00 5.193980876E-03
 8.919784546E+00 4.959336016E-03
 8.925816536E+00 4.731011111E-03
 8.931861877E+00 4.508044105E-03
 8.937893867E+00 4.291348159E-03
 8.943925858E+00 4.080444109E-03
 8.949970245E+00 3.874896094E-03
 8.956002235E+00 3.675549990E-03
 8.962046623E+00 3.481572960E-03
 8.968078613E+00 3.293778980E-03
 8.974123001E+00 3.111395985E-03
 8.980154037E+00 2.935189055E-03
 8.986186028E+00 2.764781937E-03
 8.992230415E+00 2.599847037E-03
 8.998262405E+00 2.441077959E-03
 9.004306793E+00 2.287820913E-03
 9.010338783E+00 2.140724100E-03
 9.016383171E+00 1.999180997E-03
 9.022415161E+00 1.863789046E-03
 9.028459549E+00 1.733987010E-03
 9.034491539E+00 1.610283041E-03
 9.040522575E+00 1.492346986E-03
 9.046566963E+00 1.379902009E-03
 9.052598953E+00 1.273363945E-03
 9.058643341E+00 1.172236982E-03
 9.064675331E+00 1.076890971E-03
 9.070719719E+00 9.868771303E-04
 9.076751709E+00 9.025179897E-04
 9.082783699E+00 8.235701243E-04
 9.088828087E+00 7.498338236E-04
 9.094860077E+00 6.815664237E-04
 9.100904465E+00 6.183913792E-04
 9.106936455E+00 5.603439058E-04
 9.112979889E+00 5.069163162E-04
 9.119011879E+00 4.580667010E-04
 9.125043869E+00 4.134156916E-04
 9.131088257E+00 3.726187861E-04
 9.137120247E+00 3.355813969E-04
 9.143164635E+00 3.018846910E-04
 9.149196625E+00 2.714045113E-04
 9.155241013E+00 2.437491057E-04
 9.161272049E+00 2.187695063E-04
 9.167304039E+00 1.961420057E-04
 9.173348427E+00 1.756025013E-04
 9.179380417E+00 1.570932072E-04
 9.185424805E+00 1.404022041E-04
 9.191456795E+00 1.254650997E-04
 9.197501183E+00 1.120851011E-04
 9.203533173E+00 1.001837009E-04
 9.209577560E+00 8.957707905E-05
 9.215609550E+00 8.017512300E-05
 9.221640587E+00 7.182067202E-05
 9.227684975E+00 6.436521653E-05
 9.233716965E+00 5.770591088E-05
 9.239761353E+00 5.167944983E-05
 9.245793343E+00 4.618774983E-05
 9.251837730E+00 4.114702097E-05
 9.257869720E+00 3.655643013E-05
 9.263901711E+00 3.238097997E-05
 9.269946098E+00 2.858990047E-05
 9.275978088E+00 2.517546091E-05
 9.282022476E+00 2.209992090E-05
 9.288054466E+00 1.935257933E-05
 9.294097900E+00 1.689848978E-05
 9.300129890E+00 1.472437998E-05
 9.306161880E+00 1.280141987E-05
 9.312206268E+00 1.110292033E-05
 9.318238258E+00 9.612391295E-06
 9.324282646E+00 8.303764844E-06
 9.330314636E+00 7.167720014E-06
 9.336359024E+00 6.185454822E-06
 9.342391014E+00 5.346951184E-06
 9.348422050E+00 4.635939149E-06
 9.354466438E+00 4.037211966E-06
 9.360498428E+00 3.539164027E-06
 9.366542816E+00 3.125589046E-06
 9.372574806E+00 2.784109029E-06
 9.378619194E+00 2.499172069E-06
 9.384651184E+00 2.257856067E-06
 9.390695572E+00 2.045039082E-06
 9.396727562E+00 1.848894954E-06
 9.402759552E+00 1.665113018E-06
 9.408803940E+00 1.493090053E-06
 9.414834976E+00 1.333228965E-06
 9.420879364E+00 1.184581947E-06
 9.426911354E+00 1.047474029E-06
 9.432955742E+00 9.210443181E-07
 9.438987732E+00 8.055289982E-07
 9.445019722E+00 7.003646942E-07
 9.451064110E+00 6.050743764E-07
 9.457096100E+00 5.197645123E-07
 9.463139534E+00 4.437895029E-07
 9.469171524E+00 3.771702950E-07
 9.475216866E+00 3.191676115E-07
 9.481247902E+00 2.693406884E-07
 9.487279892E+00 2.268671011E-07
 9.493324280E+00 1.909848066E-07
 9.499356270E+00 1.611479945E-07
 9.505400658E+00 1.365354052E-07
 9.511432648E+00 1.165545029E-07
 9.517477036E+00 1.004251970E-07
 9.523509026E+00 8.751919722E-08
 9.529553413E+00 7.708744931E-08
 9.535584450E+00 6.847147205E-08
 9.541616440E+00 6.098117211E-08
 9.547660828E+00 5.389480862E-08
 9.553692818E+00 4.747127846E-08
 9.559737206E+00 4.109712037E-08
 9.565769196E+00 3.307154017E-08
 9.571813583E+00 -3.070462107E-09
 9.577845573E+00 9.794594025E-10
 9.583877563E+00 -2.675641098E-10
 9.589921951E+00 6.516231998E-11
 9.595952988E+00 -1.426380975E-11
 9.601997375E+00 2.704946944E-12
 9.608029366E+00 -4.113376035E-13
 9.614073753E+00 3.064215887E-14
 9.620105743E+00 7.993605777E-15
 9.626137733E+00 -4.996004034E-15
 9.632182121E+00 1.776357051E-15
 9.638214111E+00 -4.440892099E-16
 9.644257545E+00 2.220446049E-16
 9.650289536E+00 0.000000000E+00
 9.656334877E+00 0.000000000E+00
 9.662365913E+00 0.000000000E+00
 9.668410301E+00 0.000000000E+00
 9.674442291E+00 0.000000000E+00
 9.680474281E+00 0.000000000E+00
 9.686518669E+00 0.000000000E+00
 9.692550659E+00 0.000000000E+00
 9.698595047E+00 0.000000000E+00
 9.704627037E+00 0.000000000E+00
 9.710671425E+00 0.000000000E+00
 9.716703415E+00 0.000000000E+00
 9.722734451E+00 0.000000000E+00
 9.728778839E+00 0.000000000E+00
 9.734810829E+00 0.000000000E+00
 9.740855217E+00 0.000000000E+00
 9.746887207E+00 0.000000000E+00
 9.752931595E+00 0.000000000E+00
 9.758963585E+00 0.000000000E+00
 9.764995575E+00 0.000000000E+00
 9.771039963E+00 0.000000000E+00
 9.777071953E+00 0.000000000E+00
 9.783116341E+00 0.000000000E+00
 9.789147377E+00 0.000000000E+00
 9.795191765E+00 0.000000000E+00
 9.801223755E+00 0.000000000E+00
 9.807268143E+00 0.000000000E+00
 9.813300133E+00 0.000000000E+00
 9.819332123E+00 0.000000000E+00
 9.825377464E+00 0.000000000E+00
 9.831409454E+00 0.000000000E+00
 9.837452888E+00 0.000000000E+00
 9.843483925E+00 0.000000000E+00
 9.849528313E+00 0.000000000E+00
 9.855560303E+00 0.000000000E+00
 9.861592293E+00 0.000000000E+00
 9.867636681E+00 0.000000000E+00
 9.873668671E+00 0.000000000E+00
 9.879713058E+00 0.000000000E+00
 9.885745049E+00 0.000000000E+00
 9.891789436E+00 0.000000000E+00
 9.897821426E+00 0.000000000E+00
 9.903852463E+00 0.000000000E+00
 9.909896851E+00 0.000000000E+00
 9.915928841E+00 0.000000000E+00
 9.921973228E+00 0.000000000E+00
 9.928005219E+00 0.000000000E+00
 9.934049606E+00 0.000000000E+00
 9.940081596E+00 0.000000000E+00
 9.946125984E+00 0.000000000E+00
 9.952157974E+00 0.000000000E+00
 9.958189964E+00 0.000000000E+00
 9.964234352E+00 0.000000000E+00
 9.970265388E+00 0.000000000E+00
 9.976309776E+00 0.000000000E+00
 9.982341766E+00 0.000000000E+00
 9.988386154E+00 0.000000000E+00
 9.994418144E+00 0.000000000E+00
 1.000045013E+01 0.000000000E+00
 1.000648975E+01 0.000000000E+00
 1.001253033E+01 0.000000000E+00
 1.001856995E+01 0.000000000E+00
 1.002460003E+01 0.000000000E+00
 1.003065014E+01 0.000000000E+00
 1.003668022E+01 0.000000000E+00
 1.004271030E+01 0.000000000E+00
 1.004874992E+01 0.000000000E+00
 1.005478954E+01 0.000000000E+00
 1.006083012E+01 0.000000000E+00
 1.006686020E+01 0.000000000E+00
 1.007291031E+01 0.000000000E+00
 1.007894039E+01 0.000000000E+00
 1.008497047E+01 0.000000000E+00
 1.009101963E+01 0.000000000E+00
 1.009704971E+01 0.000000000E+00
 1.010309029E+01 0.000000000E+00
 1.010912037E+01 0.000000000E+00
 1.011516953E+01 0.000000000E+00
 1.012119961E+01 0.000000000E+00
 1.012724018E+01 0.000000000E+00
 1.013327980E+01 0.000000000E+00
 1.013930988E+01 0.000000000E+00
 1.014535046E+01 0.000000000E+00
 1.015137959E+01 0.000000000E+00
 1.015742970E+01 0.000000000E+00
 1.016345978E+01 0.000000000E+00
 1.016950035E+01 0.000000000E+00
 1.017553997E+01 0.000000000E+00
 1.018157005E+01 0.000000000E+00
 1.018760967E+01 0.000000000E+00
 1.019363976E+01 0.000000000E+00
 1.019968987E+01 0.000000000E+00
 1.020571995E+01 0.000000000E+00
 1.021177006E+01 0.000000000E+00
 1.021780014E+01 0.000000000E+00
 1.022383022E+01 0.000000000E+00
 1.022986984E+01 0.000000000E+00
 1.023589993E+01 0.000000000E+00
 1.024195004E+01 0.000000000E+00
 1.024798012E+01 0.000000000E+00
 1.025403023E+01 0.000000000E+00
 1.026006031E+01 0.000000000E+00
 1.026609039E+01 0.000000000E+00
 1.027213001E+01 0.000000000E+00
 1.027816010E+01 0.000000000E+00
 1.028421021E+01 0.000000000E+00
 1.029024029E+01 0.000000000E+00
 1.029629040E+01 0.000000000E+00
 1.030231953E+01 0.000000000E+00
 1.030836010E+01 0.000000000E+00
 1.031439018E+01 0.000000000E+00
 1.032042980E+01 0.000000000E+00
 1.032647038E+01 0.000000000E+00
 1.033250046E+01 0.000000000E+00
 1.033854961E+01 0.000000000E+00
 1.034457970E+01 0.000000000E+00
 1.035062027E+01 0.000000000E+00
 1.035665035E+01 0.000000000E+00
 1.036268997E+01 0.000000000E+00
 1.036872959E+01 0.000000000E+00
 1.037475967E+01 0.000000000E+00
 1.038080978E+01 0.000000000E+00
 1.038683987E+01 0.000000000E+00
 1.039288044E+01 0.000000000E+00
 1.039892006E+01 0.000000000E+00
 1.040495968E+01 0.000000000E+00
 1.041098976E+01 0.000000000E+00
 1.041701984E+01 0.000000000E+00
 1.042306995E+01 0.000000000E+00
 1.042910004E+01 0.000000000E+00
 1.043513966E+01 0.000000000E+00
 1.044118023E+01 0.000000000E+00
 1.044721985E+01 0.000000000E+00
 1.045324993E+01 0.000000000E+00
 1.045928001E+01 0.000000000E+00
 1.046533012E+01 0.000000000E+00
 1.047136021E+01 0.000000000E+00
 1.047739983E+01 0.000000000E+00
 1.048344040E+01 0.000000000E+00
 1.048948002E+01 0.000000000E+00
 1.049551010E+01 0.000000000E+00
 1.050154018E+01 0.000000000E+00
 1.050759029E+01 0.000000000E+00
 1.051362038E+01 0.000000000E+00
 1.051966000E+01 0.000000000E+00
 1.052569962E+01 0.000000000E+00
 1.053174019E+01 0.000000000E+00
 1.053777027E+01 0.000000000E+00
 1.054382038E+01 0.000000000E+00
 1.054985046E+01 0.000000000E+00
 1.055587959E+01 0.000000000E+00
 1.056192017E+01 0.000000000E+00
 1.056795979E+01 0.000000000E+00
 1.057400036E+01 0.000000000E+00
 1.058003044E+01 0.000000000E+00
 1.058607960E+01 0.000000000E+00
 1.059210968E+01 0.000000000E+00
 1.059813976E+01 0.000000000E+00
 1.060418987E+01 0.000000000E+00
 1.061021996E+01 0.000000000E+00
 1.061625957E+01 0.000000000E+00
 1.062228966E+01 0.000000000E+00
 1.062833977E+01 0.000000000E+00
 1.063436985E+01 0.000000000E+00
 1.064039993E+01 0.000000000E+00
 1.064645004E+01 0.000000000E+00
 1.065248013E+01 0.000000000E+00
 1.065851974E+01 0.000000000E+00
 1.066454983E+01 0.000000000E+00
 1.067059994E+01 0.000000000E+00
 1.067663002E+01 0.000000000E+00
 1.068266964E+01 0.000000000E+00
 1.068871021E+01 0.000000000E+00
 1.069474030E+01 0.000000000E+00
 1.070077991E+01 0.000000000E+00
 1.070681000E+01 0.000000000E+00
 1.071286011E+01 0.000000000E+00
 1.071889019E+01 0.000000000E+00
 1.072492981E+01 0.000000000E+00
 1.073097038E+01 0.000000000E+00
 1.073700047E+01 0.000000000E+00
 1.074304008E+01 0.000000000E+00
 1.074907017E+01 0.000000000E+00
 1.075512028E+01 0.000000000E+00
 1.076115036E+01 0.000000000E+00
 1.076720047E+01 0.000000000E+00
 1.077322960E+01 0.000000000E+00
 1.077925968E+01 0.000000000E+00
 1.078530025E+01 0.000000000E+00
 1.079133987E+01 0.000000000E+00
 1.079738045E+01 0.000000000E+00
 1.080340958E+01 0.000000000E+00
 1.080945969E+01 0.000000000E+00
 1.081548977E+01 0.000000000E+00
 1.082151985E+01 0.000000000E+00
 1.082756042E+01 0.000000000E+00
 1.083360004E+01 0.000000000E+00
 1.083963966E+01 0.000000000E+00
 1.084566975E+01 0.000000000E+00
 1.085171986E+01 0.000000000E+00
 1.085774994E+01 0.000000000E+00
 1.086378956E+01 0.000000000E+00
 1.086981964E+01 0.000000000E+00
 1.087586021E+01 0.000000000E+00
 1.088189983E+01 0.000000000E+00
 1.088792992E+01 0.000000000E+00
 1.089398003E+01 0.000000000E+00
 1.090001011E+01 0.000000000E+00
 1.090604973E+01 0.000000000E+00
 1.091207981E+01 0.000000000E+00
 1.091812038E+01 0.000000000E+00
 1.092416000E+01 0.000000000E+00
 1.093019009E+01 0.000000000E+00
 1.093624020E+01 0.000000000E+00
 1.094227028E+01 0.000000000E+00
 1.094830990E+01 0.000000000E+00
 1.095435047E+01 0.000000000E+00
 1.096037960E+01 0.000000000E+00
 1.096642017E+01 0.000000000E+00
 1.097245026E+01 0.000000000E+00
 1.097850037E+01 0.000000000E+00
 1.098453045E+01 0.000000000E+00
 1.099057007E+01 0.000000000E+00
 1.099660969E+01 0.000000000E+00
 1.100263977E+01 0.000000000E+00
 1.100868034E+01 0.000000000E+00
 1.101471043E+01 0.000000000E+00
 1.102075958E+01 0.000000000E+00
 1.102678967E+01 0.000000000E+00
 1.103283024E+01 0.000000000E+00
 1.103886986E+01 0.000000000E+00
 1.104491043E+01 0.000000000E+00
 1.105093956E+01 0.000000000E+00
 1.105696964E+01 0.000000000E+00
 1.106301975E+01 0.000000000E+00
 1.106904984E+01 0.000000000E+00
 1.107509995E+01 0.000000000E+00
 1.108113003E+01 0.000000000E+00
 1.108716965E+01 0.000000000E+00
 1.109319973E+01 0.000000000E+00
 1.109922981E+01 0.000000000E+00
 1.110527992E+01 0.000000000E+00
 1.111131001E+01 0.000000000E+00
 1.111736012E+01 0.000000000E+00
 1.112339020E+01 0.000000000E+00
 1.112942982E+01 0.000000000E+00
 1.113545990E+01 0.000000000E+00
 1.114148998E+01 0.000000000E+00
 1.114754009E+01 0.000000000E+00
 1.115357018E+01 0.000000000E+00
 1.115962029E+01 0.000000000E+00
 1.116565037E+01 0.000000000E+00
 1.117168999E+01 0.000000000E+00
 1.117772007E+01 0.000000000E+00
 1.118377018E+01 0.000000000E+00
 1.118980026E+01 0.000000000E+00
 1.119583035E+01 0.000000000E+00
 1.120188046E+01 0.000000000E+00
 1.120790958E+01 0.000000000E+00
 1.121395016E+01 0.000000000E+00
 1.121998024E+01 0.000000000E+00
 1.122603035E+01 0.000000000E+00
 1.123206043E+01 0.000000000E+00
 1.123808956E+01 0.000000000E+00
 1.124413967E+01 0.000000000E+00
 1.125016975E+01 0.000000000E+00
 1.125621033E+01 0.000000000E+00
 1.126224995E+01 0.000000000E+00
 1.126828957E+01 0.000000000E+00
 1.127431965E+01 0.000000000E+00
 1.128034973E+01 0.000000000E+00
 1.128639984E+01 0.000000000E+00
 1.129242992E+01 0.000000000E+00
 1.129846954E+01 0.000000000E+00
 1.130451012E+01 0.000000000E+00
 1.131054974E+01 0.000000000E+00
 1.131657982E+01 0.000000000E+00
 1.132262993E+01 0.000000000E+00
 1.132866001E+01 0.000000000E+00
 1.133469009E+01 0.000000000E+00
 1.134072971E+01 0.000000000E+00
 1.134677029E+01 0.000000000E+00
 1.135280991E+01 0.000000000E+00
 1.135883999E+01 0.000000000E+00
 1.136489010E+01 0.000000000E+00
 1.137092018E+01 0.000000000E+00
 1.137695026E+01 0.000000000E+00
 1.138298988E+01 0.000000000E+00
 1.138903046E+01 0.000000000E+00
 1.139507008E+01 0.000000000E+00
 1.140110016E+01 0.000000000E+00
 1.140715027E+01 0.000000000E+00
 1.141318035E+01 0.000000000E+00
 1.141921043E+01 0.000000000E+00
 1.142525005E+01 0.000000000E+00
 1.143128967E+01 0.000000000E+00
 1.143733025E+01 0.000000000E+00
 1.144336033E+01 0.000000000E+00
 1.144941044E+01 0.000000000E+00
 1.145543957E+01 0.000000000E+00
 1.146148014E+01 0.000000000E+00
 1.146751022E+01 0.000000000E+00
 1.147354984E+01 0.000000000E+00
 1.147959042E+01 0.000000000E+00
 1.148561954E+01 0.000000000E+00
 1.149166965E+01 0.000000000E+00
 1.149769974E+01 0.000000000E+00
 1.150374031E+01 0.000000000E+00
 1.150977993E+01 0.000000000E+00
 1.151581001E+01 0.000000000E+00
 1.152184963E+01 0.000000000E+00
 1.152787971E+01 0.000000000E+00
 1.153392982E+01 0.000000000E+00
 1.153995991E+01 0.000000000E+00
 1.154599953E+01 0.000000000E+00
 1.155204010E+01 0.000000000E+00
 1.155807018E+01 0.000000000E+00
 1.156410980E+01 0.000000000E+00
 1.157013988E+01 0.000000000E+00
 1.157618999E+01 0.000000000E+00
 1.158222008E+01 0.000000000E+00
 1.158825970E+01 0.000000000E+00
 1.159430027E+01 0.000000000E+00
 1.160033989E+01 0.000000000E+00
 1.160636997E+01 0.000000000E+00
 1.161240005E+01 0.000000000E+00
 1.161845016E+01 0.000000000E+00
 1.162448025E+01 0.000000000E+00
 1.163053036E+01 0.000000000E+00
 1.163656044E+01 0.000000000E+00
 1.164260006E+01 0.000000000E+00
 1.164863014E+01 0.000000000E+00
 1.165466022E+01 0.000000000E+00
 1.166071033E+01 0.000000000E+00
 1.166674042E+01 0.000000000E+00
 1.167278957E+01 0.000000000E+00
 1.167881966E+01 0.000000000E+00
 1.168486023E+01 0.000000000E+00
 1.169089031E+01 0.000000000E+00
 1.169692993E+01 0.000000000E+00
 1.170296955E+01 0.000000000E+00
 1.170899963E+01 0.000000000E+00
 1.171504974E+01 0.000000000E+00
 1.172107983E+01 0.000000000E+00
 1.172712040E+01 0.000000000E+00
 1.173314953E+01 0.000000000E+00
 1.173919010E+01 0.000000000E+00
 1.174522972E+01 0.000000000E+00
 1.175125980E+01 0.000000000E+00
 1.175730991E+01 0.000000000E+00
 1.176334000E+01 0.000000000E+00
 1.176937962E+01 0.000000000E+00
 1.177540970E+01 0.000000000E+00
 1.178145981E+01 0.000000000E+00
 1.178748989E+01 0.000000000E+00
 1.179351997E+01 0.000000000E+00
 1.179957008E+01 0.000000000E+00
 1.180560017E+01 0.000000000E+00
 1.181163979E+01 0.000000000E+00
 1.181768036E+01 0.000000000E+00
 1.182371998E+01 0.000000000E+00
 1.182975006E+01 0.000000000E+00
 1.183578014E+01 0.000000000E+00
 1.184183025E+01 0.000000000E+00
 1.184786034E+01 0.000000000E+00
 1.185389996E+01 0.000000000E+00
 1.185993958E+01 0.000000000E+00
 1.186598015E+01 0.000000000E+00
 1.187201023E+01 0.000000000E+00
 1.187804031E+01 0.000000000E+00
 1.188409042E+01 0.000000000E+00
 1.189011955E+01 0.000000000E+00
 1.189616013E+01 0.000000000E+00
 1.190219975E+01 0.000000000E+00
 1.190824032E+01 0.000000000E+00
 1.191427040E+01 0.000000000E+00
 1.192029953E+01 0.000000000E+00
 1.192634964E+01 0.000000000E+00
 1.193237972E+01 0.000000000E+00
 1.193842983E+01 0.000000000E+00
 1.194445992E+01 0.000000000E+00
 1.195049953E+01 0.000000000E+00
 1.195652962E+01 0.000000000E+00
 1.196257973E+01 0.000000000E+00
 1.196860981E+01 0.000000000E+00
 1.197463989E+01 0.000000000E+00
 1.198069000E+01 0.000000000E+00
 1.198672009E+01 0.000000000E+00
 1.199275970E+01 0.000000000E+00
 1.199878979E+01 0.000000000E+00
 1.200483990E+01 0.000000000E+00
 1.201086998E+01 0.000000000E+00
 1.201690006E+01 0.000000000E+00
 1.202295017E+01 0.000000000E+00
 1.202898026E+01 0.000000000E+00
 1.203501987E+01 0.000000000E+00
 1.204104996E+01 0.000000000E+00
 1.204710007E+01 0.000000000E+00
 1.205313015E+01 0.000000000E+00
 1.205916977E+01 0.000000000E+00
 1.206521034E+01 0.000000000E+00
 1.207124043E+01 0.000000000E+00
 1.207728004E+01 0.000000000E+00
 1.208331013E+01 0.000000000E+00
 1.208936024E+01 0.000000000E+00
 1.209539032E+01 0.000000000E+00
 1.210142994E+01 0.000000000E+00
 1.210746956E+01 0.000000000E+00
 1.211349964E+01 0.000000000E+00
 1.211954021E+01 0.000000000E+00
 1.212557983E+01 0.000000000E+00
 1.213162041E+01 0.000000000E+00
 1.213764954E+01 0.000000000E+00
 1.214369011E+01 0.000000000E+00
 1.214972973E+01 0.000000000E+00
 1.215575981E+01 0.000000000E+00
 1.216180038E+01 0.000000000E+00
 1.216784000E+01 0.000000000E+00
 1.217387962E+01 0.000000000E+00
 1.217990971E+01 0.000000000E+00
 1.218595982E+01 0.000000000E+00
 1.219198990E+01 0.000000000E+00
 1.219803047E+01 0.000000000E+00
 1.220405960E+01 0.000000000E+00
 1.221010017E+01 0.000000000E+00
 1.221613979E+01 0.000000000E+00
 1.222216988E+01 0.000000000E+00
 1.222821999E+01 0.000000000E+00
 1.223425007E+01 0.000000000E+00
 1.224028969E+01 0.000000000E+00
 1.224631977E+01 0.000000000E+00
 1.225236034E+01 0.000000000E+00
 1.225839996E+01 0.000000000E+00
 1.226443005E+01 0.000000000E+00
 1.227048016E+01 0.000000000E+00
 1.227651024E+01 0.000000000E+00
 1.228254986E+01 0.000000000E+00
 1.228857994E+01 0.000000000E+00
 1.229461956E+01 0.000000000E+00
 1.230066013E+01 0.000000000E+00
 1.230669022E+01 0.000000000E+00
 1.231274033E+01 0.000000000E+00
 1.231877041E+01 0.000000000E+00
 1.232481003E+01 0.000000000E+00
 1.233084011E+01 0.000000000E+00
 1.233689022E+01 0.000000000E+00
 1.234292030E+01 0.000000000E+00
 1.234895039E+01 0.000000000E+00
 1.235499954E+01 0.000000000E+00
 1.236102962E+01 0.000000000E+00
 1.236707020E+01 0.000000000E+00
 1.237310982E+01 0.000000000E+00
 1.237915039E+01 0.000000000E+00
 1.238518047E+01 0.000000000E+00
 1.239120960E+01 0.000000000E+00
 1.239725971E+01 0.000000000E+00
 1.240328979E+01 0.000000000E+00
 1.240933037E+01 0.000000000E+00
 1.241536999E+01 0.000000000E+00
 1.242140961E+01 0.000000000E+00
 1.242743969E+01 0.000000000E+00
 1.243346977E+01 0.000000000E+00
 1.243951988E+01 0.000000000E+00
 1.244554996E+01 0.000000000E+00
 1.245158958E+01 0.000000000E+00
 1.245763016E+01 0.000000000E+00
 1.246366978E+01 0.000000000E+00
 1.246969986E+01 0.000000000E+00
 1.247574997E+01 0.000000000E+00
 1.248178005E+01 0.000000000E+00
 1.248781013E+01 0.000000000E+00
 1.249386024E+01 0.000000000E+00
 1.249989033E+01 0.000000000E+00
 1.250592995E+01 0.000000000E+00
 1.251196003E+01 0.000000000E+00
 1.251801014E+01 0.000000000E+00
 1.252404022E+01 0.000000000E+00
 1.253007030E+01 0.000000000E+00
 1.253612041E+01 0.000000000E+00
 1.254214954E+01 0.000000000E+00
 1.254819012E+01 0.000000000E+00
 1.255422020E+01 0.000000000E+00
 1.256027031E+01 0.000000000E+00
 1.256630039E+01 0.000000000E+00